2J P   S L   CF   NI       ENERGY(RYD)
 0 0   1 0    1    1        0.00000000       
 0 1  -3 1    2    4        0.17826223       
 2 1  -3 1    2    2        0.17838218       
 4 1  -3 1    2    1        0.17862263       
 2 1  -1 1    2    3        0.32736613       
 2 0   3 0    4    1        0.35205578       
 0 0   1 0    4    2        0.38797084       
 4 0   1 2    3    3        0.40424524       
 0 1  -3 1    5    4        0.41599027       
 2 1  -3 1    5    2        0.41602610       
 4 1  -3 1    5    1        0.41609789       
 2 0   3 2    3    4        0.41801417       
 4 0   3 2    3    2        0.41801492       
 6 0   3 2    3    1        0.41801606       
 2 1  -1 1    5    3        0.43980546       
 2 0   3 0    8    1        0.45157263       
 0 0   1 0    8    2        0.46245774       
 4 0   1 2    6    3        0.46555362       
 0 1  -3 1    9    4        0.47268774       
 2 1  -3 1    9    2        0.47270247       
 4 1  -3 1    9    1        0.47273201       
 2 0   3 2    6    4        0.47295479       
 4 0   3 2    6    2        0.47295493       
 6 0   3 2    6    1        0.47295514       
 6 1  -1 3    7    3        0.47587876       
 4 1  -3 3    7    4        0.47590223       
 6 1  -3 3    7    2        0.47590259       
 8 1  -3 3    7    1        0.47590306       
 2 1  -1 1    9    3        0.48147720       
 2 0   3 0   14    1        0.48734953       
 0 0   1 0   14    2        0.49232950       
 4 0   1 2   10    3        0.49382653       
 2 0   3 2   10    4        0.49728863       
 4 0   3 2   10    2        0.49728870       
 6 0   3 2   10    1        0.49728881       
 0 1  -3 1   15    4        0.49740737       
 2 1  -3 1   15    2        0.49741483       
 4 1  -3 1   15    1        0.49742981       
 6 1  -1 3   11    3        0.49870988       
 4 1  -3 3   11    4        0.49872539       
 6 1  -3 3   11    2        0.49872560       
 8 1  -3 3   11    1        0.49872588       
 8 0   1 4   12    3        0.49907755       
 6 0   3 4   12    4        0.49907784       
 8 0   3 4   12    2        0.49907789       
10 0   3 4   12    1        0.49907796       
 2 1  -1 1   15    3        0.50155535       
 2 0   3 0   20    1        0.50487500       
 0 0   1 0   20    2        0.50761579       
 4 0   1 2   16    3        0.50847567       
 2 0   3 2   16    4        0.51032152       
 4 0   3 2   16    2        0.51032156       
 6 0   3 2   16    1        0.51032163       
 0 1  -3 1   21    4        0.51044660       
 2 1  -3 1   21    2        0.51045088       
 4 1  -3 1   21    1        0.51045949       
 6 1  -1 3   17    3        0.51112196       
 4 1  -3 3   17    4        0.51112912       
 6 1  -3 3   17    2        0.51112925       
 8 1  -3 3   17    1        0.51112941       
 6 0   3 4   18    4        0.51134972       
 8 0   3 4   18    2        0.51134975       
10 0   3 4   18    1        0.51134979       
 8 0   1 4   18    3        0.51134982       
 8 1  -3 5   19    4        0.51140280       
10 1  -3 5   19    2        0.51140281       
12 1  -3 5   19    1        0.51140282       
10 1  -1 5   19    3        0.51140283       
 2 1  -1 1   21    3        0.51278103       
 0 0   3 1   13    4        0.51378928       
 2 0   3 1   13    3        0.51391152       
 4 0   3 1   13    2        0.51415441       
 2 0   3 0   27    1        0.51478930       
 0 0   1 0   27    2        0.51647811       
 4 0   1 2   22    3        0.51702683       
 2 0   3 2   22    4        0.51810119       
 4 0   3 2   22    2        0.51810121       
 6 0   3 2   22    1        0.51810126       
 0 1  -3 1   28    4        0.51819743       
 2 1  -3 1   28    2        0.51820012       
 4 1  -3 1   28    1        0.51820552       
 6 1  -1 3   23    3        0.51859460       
 4 1  -3 3   23    4        0.51859817       
 6 1  -3 3   23    2        0.51859825       
 8 1  -3 3   23    1        0.51859835       
 6 0   3 4   24    4        0.51874134       
 8 0   3 4   24    2        0.51874136       
10 0   3 4   24    1        0.51874138       
 8 0   1 4   24    3        0.51874158       
 8 1  -3 5   25    4        0.51877242       
10 1  -3 5   25    2        0.51877242       
12 1  -3 5   25    1        0.51877243       
22 0   5 6   26    2        0.51877244   ****
26 0   3 6   26    3        0.51877245   ****
10 1  -1 5   25    3        0.51877245       
 2 1  -1 1   28    3        0.51965717       
 2 0   3 0   33    1        0.52094693       
 0 0   1 0   33    2        0.52207145       
 4 0   1 2   29    3        0.52244383       
 2 0   3 2   29    4        0.52311231       
 4 0   3 2   29    2        0.52311233       
 6 0   3 2   29    1        0.52311236       
 0 1  -3 1   34    4        0.52318309       
 2 1  -3 1   34    2        0.52318488       
 4 1  -3 1   34    1        0.52318849       
 6 1  -1 3   30    3        0.52343672       
 4 1  -3 3   30    4        0.52343865       
 6 1  -3 3   30    2        0.52343870       
 8 1  -3 3   30    1        0.52343877       
 6 0   3 4   31    4        0.52353572       
 8 0   3 4   31    2        0.52353573       
10 0   3 4   31    1        0.52353575       
 8 0   1 4   31    3        0.52353598       
 8 1  -3 5   32    4        0.52355559       
10 1  -3 5   32    2        0.52355559       
12 1  -3 5   32    1        0.52355559       
10 1  -1 5   32    3        0.52355562       
 2 1  -1 1   34    3        0.52416512       
 2 0   3 0   41    1        0.52503392       
 0 0   1 0   41    2        0.52582676       
 4 0   1 2   35    3        0.52608981       
 2 0   3 2   35    4        0.52652786       
 4 0   3 2   35    2        0.52652787       
 6 0   3 2   35    1        0.52652789       
 0 1  -3 1   42    4        0.52658005       
 2 1  -3 1   42    2        0.52658130       
 4 1  -3 1   42    1        0.52658383       
 6 1  -1 3   36    3        0.52675186       
 4 1  -3 3   36    4        0.52675299       
 6 1  -3 3   36    2        0.52675302       
 8 1  -3 3   36    1        0.52675307       
 6 0   3 4   37    4        0.52682143       
 8 0   3 4   37    2        0.52682144       
10 0   3 4   37    1        0.52682145       
 8 0   1 4   37    3        0.52682166       
 8 1  -3 5   38    4        0.52683491       
10 1  -3 5   38    2        0.52683491       
12 1  -3 5   38    1        0.52683492       
22 0   5 6   39    2        0.52683493   ****
26 1  -7 7   40    2        0.52683493   ****
26 0   3 6   39    3        0.52683493   ****
30 1  -5 7   40    3        0.52683494   ****
10 1  -1 5   38    3        0.52683494       
 2 1  -1 1   42    3        0.52727754       
 2 0   3 0   45    1        0.52788531       
 0 0   1 0   45    2        0.52846963       
 4 0   1 2   43    3        0.52866059       
 2 0   3 2   43    4        0.52895970       
 4 0   3 2   43    2        0.52895971       
 6 0   3 2   43    1        0.52895972       
 0 1  -3 1   46    4        0.52899876       
 2 1  -3 1   46    2        0.52899967       
 4 1  -3 1   46    1        0.52900151       
 6 1  -1 3   44    3        0.52912047       
 4 1  -3 3   44    4        0.52912116       
 6 1  -3 3   44    2        0.52912119       
 8 1  -3 3   44    1        0.52912123       
 2 1  -1 1   46    3        0.52951555       
 2 0   3 0   49    1        0.52995363       
 0 0   1 0   49    2        0.53039998       
 4 0   1 2   47    3        0.53054117       
 2 0   3 2   47    4        0.53075229       
 4 0   3 2   47    2        0.53075229       
 6 0   3 2   47    1        0.53075230       
 0 1  -3 1   50    4        0.53078203       
 2 1  -3 1   50    2        0.53078272       
 4 1  -3 1   50    1        0.53078410       
 6 1  -1 3   48    3        0.53087134       
 4 1  -3 3   48    4        0.53087178       
 6 1  -3 3   48    2        0.53087181       
 8 1  -3 3   48    1        0.53087183       
 2 1  -1 1   50    3        0.53117829       
 2 0   3 0   53    1        0.53150157       
 0 0   1 0   53    2        0.53185295       
 4 0   1 2   51    3        0.53195844       
 2 0   3 2   51    4        0.53211152       
 4 0   3 2   51    2        0.53211152       
 6 0   3 2   51    1        0.53211153       
 0 1  -3 1   54    4        0.53213457       
 2 1  -3 1   54    2        0.53213510       
 4 1  -3 1   54    1        0.53213616       
 6 1  -1 3   52    3        0.53220198       
 4 1  -3 3   52    4        0.53220229       
 6 1  -3 3   52    2        0.53220230       
 8 1  -3 3   52    1        0.53220232       
 2 1  -1 1   54    3        0.53244728       
 2 0   3 0   57    1        0.53269021       
 0 0   1 0   57    2        0.53297419       
 4 0   1 2   55    3        0.53305318       
 2 0   3 2   55    4        0.53316662       
 4 0   3 2   55    2        0.53316663       
 6 0   3 2   55    1        0.53316663       
 0 1  -3 1   58    4        0.53318477       
 2 1  -3 1   58    2        0.53318519       
 4 1  -3 1   58    1        0.53318602       
 6 1  -1 3   56    3        0.53323689       
 4 1  -3 3   56    4        0.53323710       
 6 1  -3 3   56    2        0.53323711       
 8 1  -3 3   56    1        0.53323712       
 2 1  -1 1   58    3        0.53343786       
 2 0   3 0   61    1        0.53362275       
 0 0   1 0   61    2        0.53385789       
 4 0   1 2   59    3        0.53391644       
 2 0   3 2   59    4        0.53400201       
 4 0   3 2   59    2        0.53400201       
 6 0   3 2   59    1        0.53400202       
 0 1  -3 1   62    4        0.53401651       
 2 1  -3 1   62    2        0.53401684       
 4 1  -3 1   62    1        0.53401751       
 6 1  -1 3   60    3        0.53405765       
 4 1  -3 3   60    4        0.53405780       
 6 1  -3 3   60    2        0.53405781       
 8 1  -3 3   60    1        0.53405782       
 2 1  -1 1   62    3        0.53422613       
 2 0   3 0   65    1        0.53436784       
 0 0   1 0   65    2        0.53456723       
 4 0   1 2   63    3        0.53460929       
 2 0   3 2   63    4        0.53467472       
 4 0   3 2   63    2        0.53467472       
 6 0   3 2   63    1        0.53467473       
 0 1  -3 1   66    4        0.53468647       
 2 1  -3 1   66    2        0.53468674       
 4 1  -3 1   66    1        0.53468728       
 6 1  -1 3   64    3        0.53471964       
 4 1  -3 3   64    4        0.53471975       
 6 1  -3 3   64    2        0.53471976       
 8 1  -3 3   64    1        0.53471977       
 2 1  -1 1   66    3        0.53486408       
 2 0   3 0   68    1        0.53497258       
 0 0   1 0   68    2        0.53514615       
 4 0   1 2   67    3        0.53517389       
 2 0   3 2   67    4        0.53522443       
 4 0   3 2   67    2        0.53522443       
 6 0   3 2   67    1        0.53522443       
 0 1  -3 1   69    4        0.53523406       
 2 1  -3 1   69    2        0.53523428       
 4 1  -3 1   69    1        0.53523472       
 2 1  -1 1   69    3        0.53538835       
 2 0   3 0   71    1        0.53547017       
 0 0   1 0   71    2        0.53562657       
 4 0   1 2   70    3        0.53564018       
 2 0   3 2   70    4        0.53567941       
 4 0   3 2   70    2        0.53567941       
 6 0   3 2   70    1        0.53567941       
 0 1  -3 1   72    4        0.53568740       
 2 1  -3 1   72    2        0.53568759       
 4 1  -3 1   72    1        0.53568796       
 2 1  -1 1   72    3        0.53582589       
 2 0   3 0   74    1        0.53588455       
 4 0   1 2   73    3        0.53602986       
 0 0   1 0   74    2        0.53603486       
 2 0   3 2   73    4        0.53606027       
 4 0   3 2   73    2        0.53606028       
 6 0   3 2   73    1        0.53606028       
 0 1  -3 1   75    4        0.53606702       
 2 1  -3 1   75    2        0.53606718       
 4 1  -3 1   75    1        0.53606749       
 2 1  -1 1   75    3        0.53619912       
 2 0   3 0   77    1        0.53623349       
 4 0   1 2   76    3        0.53635915       
 6 0   5 2   76    2        0.53638237   ****
 6 0   3 2   76    1        0.53638237       
 0 1  -3 1   78    4        0.53638829       
 2 1  -3 1   78    2        0.53638842       
 4 1  -3 1   78    1        0.53638868       
 0 0   1 0   77    2        0.53646306       
 2 1  -1 1   78    3        0.53657482       
 4 0   1 2   79    3        0.53664071       
 6 0   5 2   79    2        0.53665742   ****
 6 0   3 2   79    1        0.53665742       
 4 0   1 2   13    1        0.61205660       
 0 0   1 0   13    5        0.66540270       
 0 1  -3 1   81    4        0.70154105       
 2 1  -3 1   81    2        0.70166210       
 4 1  -3 1   81    1        0.70190770       
 2 1  -1 1   81    3        0.72326834       
 4 1  -3 3   80    5        0.74333787       
 6 1  -3 3   80    2        0.74353051       
 4 1  -1 2   80    7        0.74360864       
 8 1  -3 3   80    1        0.74369503       
 2 0   1 1   82    7        0.74432713       
 2 0   3 2   82    5        0.75190301       
 4 0   3 2   82    2        0.75205616       
 6 0   3 2   82    1        0.75229087       
 2 0   3 0   82    8        0.76495313       
 2 1  -3 2   80    9        0.77077243       
 4 1  -3 2   80    6        0.77081261       
 6 1  -3 2   80    4        0.77087842       
 4 1  -3 1   80    8        0.77590999       
 2 1  -3 1   80   10        0.77602662       
 0 1  -3 1   80   12        0.77608407       
 0 0   3 1   82    9        0.78249575       
 2 0   3 1   82    6        0.78257761       
 4 0   3 1   82    4        0.78273621       
 4 0   1 2   82    3        0.79660133       
 6 1  -1 3   80    3        0.80694458       
 2 1  -1 1   80   11        0.81812557       
 4 1  -1 2   83    7        0.82481268       
 0 0   1 0   82   10        0.82488879       
 4 1  -3 3   83    5        0.82626712       
 6 1  -3 3   83    2        0.82637867       
 8 1  -3 3   83    1        0.82655056       
 2 1  -3 2   83    9        0.82812845       
 4 1  -3 2   83    6        0.82817095       
 6 1  -3 2   83    4        0.82824154       
 6 0   1 3   84    7        0.82981176       
 4 0   3 3   84    9        0.82983265       
 6 0   3 3   84    6        0.82988566       
 8 0   3 3   84    4        0.82990207       
 4 1  -3 1   83    8        0.83076437       
 2 1  -3 1   83   10        0.83088108       
 0 1  -3 1   83   12        0.83093800       
 6 0   3 4   84    5        0.83375208       
 8 0   3 4   84    2        0.83381942       
10 0   3 4   84    1        0.83402283       
 8 0   1 4   84    3        0.83421073       
 6 0   3 2   84    8        0.83703148       
 4 0   3 2   84   10        0.83714541       
 2 0   3 2   84   12        0.83722885       
 4 0   1 2   84   11        0.83917893       
 6 1  -1 3   83    3        0.84701145       
 2 1  -1 1   83   11        0.86474319       
 4 0   3 3   85    4        1.09000981       
 6 0   3 3   85    3        1.09001035       
 8 0   3 3   85    2        1.09001106       
 4 0   1 2   85    5        1.10874852       
 0 0   3 1   85    8        1.11031447       
 2 0   3 1   85    7        1.11031536       
 4 0   3 1   85    6        1.11031714       
 8 0   1 4   85    1        1.11570365       
 0 0   1 0   85    9        1.16117017       
 0 0   0 0    0    0     -399.65512607
