  NV=   20  LV=   -1       K    1    2    3    4    5    6    7    8    9   10   11   12   13   14   15   16   17   18   19   20
 85CFLS  G   Z=12    N=12  NL  1 0  2 0  2 1  3 0  3 1  3 2  4 0  4 1  4 2  4 3  5 0  5 1  5 2  5 3  5 4  6 0  6 1  6 2  6 3  6 4  6 5  7 0  7 1  7 2  7 3  7 4  7 5  7 6  8 0  8 1  8 2  8 3  8 4  8 5  9 0  9 1  9 2  9 3  9 4  9 5  9 6  9 7 10 0 10 1 10 2 10 3 11 0 11 1 11 2 11 3 12 0 12 1 12 2 12 3 13 0 13 1 13 2 13 3 14 0 14 1 14 2 14 3
    1    1    1 3  24
    2   12    1 3  14515
    3   20    1 3  14516
    4    4    1 3  14517
    5   12    1 3  14518
    6   20    1 3  14519
    7   28    1 3  1451A
    8    4    1 3  1451B
    9   12    1 3  1451C
   10   20    1 3  1451D
   11   28    1 3  1451E
   12   36    1 3  1451F
   13   15    1 3  25
   14    4    1 3  1451G
   15   12    1 3  1451H
   16   20    1 3  1451I
   17   28    1 3  1451J
   18   36    1 3  1451K
   19   44    1 3  1451L
   20    4    1 3  1451M
   21   12    1 3  1451N
   22   20    1 3  1451O
   23   28    1 3  1451P
   24   36    1 3  1451Q
   25   44    1 3  1451R
   26   52    1 3  1451S
   27    4    1 3  1451T
   28   12    1 3  1451U
   29   20    1 3  1451V
   30   28    1 3  1451W
   31   36    1 3  1451X
   32   44    1 3  1451Y
   33    4    1 3  1451Z
   34   12    1 3  1451a
   35   20    1 3  1451b
   36   28    1 3  1451c
   37   36    1 3  1451d
   38   44    1 3  1451e
   39   52    1 3  1451f
   40   60    1 3  1451g
   41    4    1 3  1451h
   42   12    1 3  1451i
   43   20    1 3  1451j
   44   28    1 3  1451k
   45    4    1 3  1451l
   46   12    1 3  1451m
   47   20    1 3  1451n
   48   28    1 3  1451o
   49    4    1 3  1451p
   50   12    1 3  1451q
   51   20    1 3  1451r
   52   28    1 3  1451s
   53    4    1 3  1451t
   54   12    1 3  1451u
   55   20    1 3  1451v
   56   28    1 3  1451w
   57    4    1 3  1451x
   58   12    1 3  1451y
   59   20    1 3  1451z
   60   28    1 3  1451*
   61    4    1 3  1451*
   62   12    1 3  1451*
   63   20    1 3  1451*
   64   28    1 3  1451*
   65    4    1 3  1451*
   66   12    1 3  1451*
   67   20    1 3  1451*
   68    4    1 3  1451*
   69   12    1 3  1451*
   70   20    1 3  1451*
   71    4    1 3  1451*
   72   12    1 3  1451*
   73   20    1 3  1451*
   74    4    1 3  1451*
   75   12    1 3  1451*
   76   20    1 3  1451*
   77    4    1 3  1451*
   78   12    1 3  1451*
   79   20    1 3  1451*
   80   60    1 3  15516
   81   12    1 3  15517
   82   36    1 3  15518
   83   60    1 3  15519
   84   84    1 3  1551A
   85   45    1 3  26
        I-S            C-S           AUTO-IONIZATION DATA       Z=12   N=12
   CF    T    W   CF    T    W      AA*SEC         E-C(RYD)      E-I(RYD)
                                                                   0.000000
    NTERM=  189                                       E1/RY=    -399.655126
    I    T      2S+1    L        CF     (EI-E1)/RY
    1  169         1    0         1       0.000000
    2  108        -3    1         2       0.178502
    3  130        -1    1         2       0.327366
    4  151         3    0         4       0.352056
    5  170         1    0         4       0.387971
    6   81         1    2         3       0.404245
    7  109        -3    1         5       0.416062
    8   59         3    2         3       0.418015
    9  131        -1    1         5       0.439805
   10  152         3    0         8       0.451573
   11  171         1    0         8       0.462458
   12   82         1    2         6       0.465554
   13  110        -3    1         9       0.472717
   14   60         3    2         6       0.472955
   15   45        -1    3         7       0.475879
   16   30        -3    3         7       0.475903
   17  132        -1    1         9       0.481477
   18  153         3    0        14       0.487350
   19  173         1    0        14       0.492329
   20   83         1    2        10       0.493827
   21   61         3    2        10       0.497289
   22  111        -3    1        15       0.497422
   23   46        -1    3        11       0.498710
   24   31        -3    3        11       0.498726
   25   21         1    4        12       0.499078
   26   15         3    4        12       0.499078
   27  133        -1    1        15       0.501555
   28  154         3    0        20       0.504875
   29  174         1    0        20       0.507616
   30   85         1    2        16       0.508476
   31   62         3    2        16       0.510322
   32  112        -3    1        21       0.510455
   33   47        -1    3        17       0.511122
   34   32        -3    3        17       0.511129
   35   16         3    4        18       0.511350
   36   22         1    4        18       0.511350
   37    7        -3    5        19       0.511403
   38   11        -1    5        19       0.511403
   39  134        -1    1        21       0.512781
   40  105         3    1        13       0.514033
   41  155         3    0        27       0.514789
   42  175         1    0        27       0.516478
   43   86         1    2        22       0.517027
   44   63         3    2        22       0.518101
   45  113        -3    1        28       0.518203
   46   48        -1    3        23       0.518595
   47   33        -3    3        23       0.518598
   48   17         3    4        24       0.518741
   49   23         1    4        24       0.518742
   50    8        -3    5        25       0.518772
   51    3         3    6        26       0.518772
   52    5         1    6        26       0.518772
   53   12        -1    5        25       0.518772
   54  135        -1    1        28       0.519657
   55  156         3    0        33       0.520947
   56  176         1    0        33       0.522071
   57   87         1    2        29       0.522444
   58   64         3    2        29       0.523112
   59  114        -3    1        34       0.523187
   60   49        -1    3        30       0.523437
   61   34        -3    3        30       0.523439
   62   18         3    4        31       0.523536
   63   24         1    4        31       0.523536
   64    9        -3    5        32       0.523556
   65   13        -1    5        32       0.523556
   66  136        -1    1        34       0.524165
   67  157         3    0        41       0.525034
   68  177         1    0        41       0.525827
   69   88         1    2        35       0.526090
   70   65         3    2        35       0.526528
   71  115        -3    1        42       0.526583
   72   50        -1    3        36       0.526752
   73   35        -3    3        36       0.526753
   74   19         3    4        37       0.526821
   75   25         1    4        37       0.526822
   76   10        -3    5        38       0.526835
   77    4         3    6        39       0.526835
   78    6         1    6        39       0.526835
   79    1        -3    7        40       0.526835
   80    2        -1    7        40       0.526835
   81   14        -1    5        38       0.526835
   82  137        -1    1        42       0.527278
   83  158         3    0        45       0.527885
   84  178         1    0        45       0.528470
   85   89         1    2        43       0.528661
   86   66         3    2        43       0.528960
   87  116        -3    1        46       0.529001
   88   51        -1    3        44       0.529120
   89   36        -3    3        44       0.529121
   90  138        -1    1        46       0.529516
   91  159         3    0        49       0.529954
   92  179         1    0        49       0.530400
   93   90         1    2        47       0.530541
   94   67         3    2        47       0.530752
   95  117        -3    1        50       0.530783
   96   52        -1    3        48       0.530871
   97   37        -3    3        48       0.530872
   98  139        -1    1        50       0.531178
   99  160         3    0        53       0.531502
  100  180         1    0        53       0.531853
  101   91         1    2        51       0.531958
  102   68         3    2        51       0.532112
  103  118        -3    1        54       0.532136
  104   53        -1    3        52       0.532202
  105   38        -3    3        52       0.532202
  106  140        -1    1        54       0.532447
  107  161         3    0        57       0.532690
  108  181         1    0        57       0.532974
  109   92         1    2        55       0.533053
  110   69         3    2        55       0.533167
  111  119        -3    1        58       0.533186
  112   54        -1    3        56       0.533237
  113   39        -3    3        56       0.533237
  114  141        -1    1        58       0.533438
  115  162         3    0        61       0.533623
  116  182         1    0        61       0.533858
  117   93         1    2        59       0.533916
  118   70         3    2        59       0.534002
  119  120        -3    1        62       0.534017
  120   55        -1    3        60       0.534058
  121   40        -3    3        60       0.534058
  122  142        -1    1        62       0.534226
  123  163         3    0        65       0.534368
  124  183         1    0        65       0.534567
  125   94         1    2        63       0.534609
  126   71         3    2        63       0.534675
  127  121        -3    1        66       0.534687
  128   56        -1    3        64       0.534720
  129   41        -3    3        64       0.534720
  130  143        -1    1        66       0.534864
  131  164         3    0        68       0.534973
  132  184         1    0        68       0.535146
  133   95         1    2        67       0.535174
  134   72         3    2        67       0.535224
  135  122        -3    1        69       0.535234
  136  144        -1    1        69       0.535388
  137  165         3    0        71       0.535470
  138  185         1    0        71       0.535627
  139   96         1    2        70       0.535640
  140   73         3    2        70       0.535679
  141  123        -3    1        72       0.535688
  142  145        -1    1        72       0.535826
  143  166         3    0        74       0.535885
  144   97         1    2        73       0.536030
  145  186         1    0        74       0.536035
  146   74         3    2        73       0.536060
  147  124        -3    1        75       0.536067
  148  146        -1    1        75       0.536199
  149  167         3    0        77       0.536233
  150   98         1    2        76       0.536359
  151   75         3    2        76       0.536382
  152  125        -3    1        78       0.536389
  153  187         1    0        77       0.536463
  154  147        -1    1        78       0.536575
  155   99         1    2        79       0.536641
  156   76         3    2        79       0.536657
  157   84         1    2        13       0.612056
  158  172         1    0        13       0.665402
  159  127        -3    1        81       0.701785
  160  149        -1    1        81       0.723267
  161  103        -1    2        80       0.743539
  162   42        -3    3        80       0.743572
  163  129         1    1        82       0.744331
  164   77         3    2        82       0.752135
  165  168         3    0        82       0.764953
  166   79        -3    2        80       0.770837
  167  126        -3    1        80       0.775965
  168  106         3    1        82       0.782657
  169  100         1    2        82       0.796600
  170   57        -1    3        80       0.806945
  171  148        -1    1        80       0.818127
  172  104        -1    2        83       0.824825
  173  188         1    0        82       0.824888
  174   43        -3    3        83       0.826427
  175   80        -3    2        83       0.828193
  176   44         1    3        84       0.829841
  177   28         3    3        84       0.829878
  178  128        -3    1        83       0.830816
  179   20         3    4        84       0.833900
  180   26         1    4        84       0.834155
  181   78         3    2        84       0.837108
  182  101         1    2        84       0.839172
  183   58        -1    3        83       0.847010
  184  150        -1    1        83       0.864743
  185   29         3    3        85       1.090011
  186  102         1    2        85       1.108749
  187  107         3    1        85       1.110316
  188   27         1    4        85       1.115704
  189  189         1    0        85       1.161170
    
    
