AtomicNumber	IonCharge	ModelIndex	LowerLevel	UpperLevel	Temperature	CollisionStrength	Source
12	0	1	1	2	3000.0	1.16	999
12	0	1	1	2	4000.0	1.42	999
12	0	1	1	2	5000.0	1.65	999
12	0	1	1	2	6000.0	1.85	999
12	0	1	1	2	7000.0	2.03	999
12	0	1	1	2	8000.0	2.2	999
12	0	1	1	2	9000.0	2.36	999
12	0	1	1	2	10000.0	2.51	999
12	0	1	1	2	11000.0	2.64	999
12	0	1	1	2	12000.0	2.77	999
12	0	1	1	2	13000.0	2.89	999
12	0	1	1	2	14000.0	2.99	999
12	0	1	1	2	15000.0	3.09	999
12	0	1	1	2	16000.0	3.18	999
12	0	1	1	3	3000.0	2.12	999
12	0	1	1	3	4000.0	2.53	999
12	0	1	1	3	5000.0	2.84	999
12	0	1	1	3	6000.0	3.11	999
12	0	1	1	3	7000.0	3.36	999
12	0	1	1	3	8000.0	3.58	999
12	0	1	1	3	9000.0	3.78	999
12	0	1	1	3	10000.0	3.98	999
12	0	1	1	3	11000.0	4.17	999
12	0	1	1	3	12000.0	4.36	999
12	0	1	1	3	13000.0	4.54	999
12	0	1	1	3	14000.0	4.71	999
12	0	1	1	3	15000.0	4.89	999
12	0	1	1	3	16000.0	5.06	999
12	0	1	2	3	3000.0	7.03	999
12	0	1	2	3	4000.0	8.01	999
12	0	1	2	3	5000.0	8.67	999
12	0	1	2	3	6000.0	9.13	999
12	0	1	2	3	7000.0	9.47	999
12	0	1	2	3	8000.0	9.73	999
12	0	1	2	3	9000.0	9.93	999
12	0	1	2	3	10000.0	10.1	999
12	0	1	2	3	11000.0	10.2	999
12	0	1	2	3	12000.0	10.3	999
12	0	1	2	3	13000.0	10.4	999
12	0	1	2	3	14000.0	10.4	999
12	0	1	2	3	15000.0	10.4	999
12	0	1	2	3	16000.0	10.4	999
12	0	1	1	4	3000.0	0.633	999
12	0	1	1	4	4000.0	0.7240000000000001	999
12	0	1	1	4	5000.0	0.7859999999999999	999
12	0	1	1	4	6000.0	0.831	999
12	0	1	1	4	7000.0	0.865	999
12	0	1	1	4	8000.0	0.892	999
12	0	1	1	4	9000.0	0.9129999999999999	999
12	0	1	1	4	10000.0	0.929	999
12	0	1	1	4	11000.0	0.9420000000000001	999
12	0	1	1	4	12000.0	0.953	999
12	0	1	1	4	13000.0	0.961	999
12	0	1	1	4	14000.0	0.9670000000000001	999
12	0	1	1	4	15000.0	0.971	999
12	0	1	1	4	16000.0	0.9740000000000001	999
12	0	1	2	4	3000.0	7.79	999
12	0	1	2	4	4000.0	9.2	999
12	0	1	2	4	5000.0	10.3	999
12	0	1	2	4	6000.0	11.2	999
12	0	1	2	4	7000.0	12.0	999
12	0	1	2	4	8000.0	12.7	999
12	0	1	2	4	9000.0	13.3	999
12	0	1	2	4	10000.0	13.9	999
12	0	1	2	4	11000.0	14.4	999
12	0	1	2	4	12000.0	14.9	999
12	0	1	2	4	13000.0	15.4	999
12	0	1	2	4	14000.0	15.9	999
12	0	1	2	4	15000.0	16.3	999
12	0	1	2	4	16000.0	16.7	999
12	0	1	3	4	3000.0	1.24	999
12	0	1	3	4	4000.0	1.48	999
12	0	1	3	4	5000.0	1.67	999
12	0	1	3	4	6000.0	1.83	999
12	0	1	3	4	7000.0	1.97	999
12	0	1	3	4	8000.0	2.09	999
12	0	1	3	4	9000.0	2.19	999
12	0	1	3	4	10000.0	2.29	999
12	0	1	3	4	11000.0	2.37	999
12	0	1	3	4	12000.0	2.45	999
12	0	1	3	4	13000.0	2.51	999
12	0	1	3	4	14000.0	2.57	999
12	0	1	3	4	15000.0	2.62	999
12	0	1	3	4	16000.0	2.66	999
12	0	1	1	5	3000.0	0.43700000000000006	999
12	0	1	1	5	4000.0	0.502	999
12	0	1	1	5	5000.0	0.547	999
12	0	1	1	5	6000.0	0.581	999
12	0	1	1	5	7000.0	0.608	999
12	0	1	1	5	8000.0	0.63	999
12	0	1	1	5	9000.0	0.648	999
12	0	1	1	5	10000.0	0.665	999
12	0	1	1	5	11000.0	0.6809999999999999	999
12	0	1	1	5	12000.0	0.695	999
12	0	1	1	5	13000.0	0.708	999
12	0	1	1	5	14000.0	0.721	999
12	0	1	1	5	15000.0	0.7340000000000001	999
12	0	1	1	5	16000.0	0.746	999
12	0	1	2	5	3000.0	1.51	999
12	0	1	2	5	4000.0	1.75	999
12	0	1	2	5	5000.0	1.91	999
12	0	1	2	5	6000.0	2.03	999
12	0	1	2	5	7000.0	2.13	999
12	0	1	2	5	8000.0	2.21	999
12	0	1	2	5	9000.0	2.27	999
12	0	1	2	5	10000.0	2.32	999
12	0	1	2	5	11000.0	2.37	999
12	0	1	2	5	12000.0	2.4	999
12	0	1	2	5	13000.0	2.43	999
12	0	1	2	5	14000.0	2.45	999
12	0	1	2	5	15000.0	2.46	999
12	0	1	2	5	16000.0	2.48	999
12	0	1	3	5	3000.0	54.0	999
12	0	1	3	5	4000.0	60.6	999
12	0	1	3	5	5000.0	64.6	999
12	0	1	3	5	6000.0	67.0	999
12	0	1	3	5	7000.0	68.6	999
12	0	1	3	5	8000.0	69.5	999
12	0	1	3	5	9000.0	70.1	999
12	0	1	3	5	10000.0	70.4	999
12	0	1	3	5	11000.0	70.5	999
12	0	1	3	5	12000.0	70.5	999
12	0	1	3	5	13000.0	70.5	999
12	0	1	3	5	14000.0	70.4	999
12	0	1	3	5	15000.0	70.3	999
12	0	1	3	5	16000.0	70.3	999
12	0	1	4	5	3000.0	1.14	999
12	0	1	4	5	4000.0	1.35	999
12	0	1	4	5	5000.0	1.52	999
12	0	1	4	5	6000.0	1.66	999
12	0	1	4	5	7000.0	1.78	999
12	0	1	4	5	8000.0	1.89	999
12	0	1	4	5	9000.0	1.98	999
12	0	1	4	5	10000.0	2.07	999
12	0	1	4	5	11000.0	2.14	999
12	0	1	4	5	12000.0	2.21	999
12	0	1	4	5	13000.0	2.27	999
12	0	1	4	5	14000.0	2.32	999
12	0	1	4	5	15000.0	2.36	999
12	0	1	4	5	16000.0	2.4	999
12	0	1	1	6	3000.0	2.24	999
12	0	1	1	6	4000.0	2.5	999
12	0	1	1	6	5000.0	2.64	999
12	0	1	1	6	6000.0	2.71	999
12	0	1	1	6	7000.0	2.74	999
12	0	1	1	6	8000.0	2.75	999
12	0	1	1	6	9000.0	2.75	999
12	0	1	1	6	10000.0	2.73	999
12	0	1	1	6	11000.0	2.71	999
12	0	1	1	6	12000.0	2.68	999
12	0	1	1	6	13000.0	2.66	999
12	0	1	1	6	14000.0	2.63	999
12	0	1	1	6	15000.0	2.6	999
12	0	1	1	6	16000.0	2.57	999
12	0	1	2	6	3000.0	10.7	999
12	0	1	2	6	4000.0	12.2	999
12	0	1	2	6	5000.0	13.2	999
12	0	1	2	6	6000.0	13.9	999
12	0	1	2	6	7000.0	14.4	999
12	0	1	2	6	8000.0	14.8	999
12	0	1	2	6	9000.0	15.2	999
12	0	1	2	6	10000.0	15.4	999
12	0	1	2	6	11000.0	15.6	999
12	0	1	2	6	12000.0	15.7	999
12	0	1	2	6	13000.0	15.8	999
12	0	1	2	6	14000.0	15.9	999
12	0	1	2	6	15000.0	15.9	999
12	0	1	2	6	16000.0	16.0	999
12	0	1	3	6	3000.0	60.8	999
12	0	1	3	6	4000.0	68.7	999
12	0	1	3	6	5000.0	73.6	999
12	0	1	3	6	6000.0	76.8	999
12	0	1	3	6	7000.0	79.0	999
12	0	1	3	6	8000.0	80.4	999
12	0	1	3	6	9000.0	81.5	999
12	0	1	3	6	10000.0	82.2	999
12	0	1	3	6	11000.0	82.7	999
12	0	1	3	6	12000.0	83.1	999
12	0	1	3	6	13000.0	83.4	999
12	0	1	3	6	14000.0	83.6	999
12	0	1	3	6	15000.0	83.7	999
12	0	1	3	6	16000.0	83.8	999
12	0	1	4	6	3000.0	4.07	999
12	0	1	4	6	4000.0	4.67	999
12	0	1	4	6	5000.0	5.08	999
12	0	1	4	6	6000.0	5.38	999
12	0	1	4	6	7000.0	5.62	999
12	0	1	4	6	8000.0	5.8	999
12	0	1	4	6	9000.0	5.95	999
12	0	1	4	6	10000.0	6.06	999
12	0	1	4	6	11000.0	6.16	999
12	0	1	4	6	12000.0	6.23	999
12	0	1	4	6	13000.0	6.28	999
12	0	1	4	6	14000.0	6.32	999
12	0	1	4	6	15000.0	6.35	999
12	0	1	4	6	16000.0	6.37	999
12	0	1	5	6	3000.0	7.35	999
12	0	1	5	6	4000.0	8.67	999
12	0	1	5	6	5000.0	9.68	999
12	0	1	5	6	6000.0	10.5	999
12	0	1	5	6	7000.0	11.2	999
12	0	1	5	6	8000.0	11.9	999
12	0	1	5	6	9000.0	12.5	999
12	0	1	5	6	10000.0	13.0	999
12	0	1	5	6	11000.0	13.5	999
12	0	1	5	6	12000.0	13.9	999
12	0	1	5	6	13000.0	14.3	999
12	0	1	5	6	14000.0	14.7	999
12	0	1	5	6	15000.0	15.1	999
12	0	1	5	6	16000.0	15.4	999
12	0	1	1	7	3000.0	1.58	999
12	0	1	1	7	4000.0	1.77	999
12	0	1	1	7	5000.0	1.88	999
12	0	1	1	7	6000.0	1.94	999
12	0	1	1	7	7000.0	1.97	999
12	0	1	1	7	8000.0	1.99	999
12	0	1	1	7	9000.0	1.99	999
12	0	1	1	7	10000.0	1.98	999
12	0	1	1	7	11000.0	1.97	999
12	0	1	1	7	12000.0	1.96	999
12	0	1	1	7	13000.0	1.94	999
12	0	1	1	7	14000.0	1.92	999
12	0	1	1	7	15000.0	1.9	999
12	0	1	1	7	16000.0	1.87	999
12	0	1	2	7	3000.0	11.9	999
12	0	1	2	7	4000.0	13.7	999
12	0	1	2	7	5000.0	14.9	999
12	0	1	2	7	6000.0	15.9	999
12	0	1	2	7	7000.0	16.6	999
12	0	1	2	7	8000.0	17.2	999
12	0	1	2	7	9000.0	17.6	999
12	0	1	2	7	10000.0	18.0	999
12	0	1	2	7	11000.0	18.4	999
12	0	1	2	7	12000.0	18.6	999
12	0	1	2	7	13000.0	18.9	999
12	0	1	2	7	14000.0	19.1	999
12	0	1	2	7	15000.0	19.2	999
12	0	1	2	7	16000.0	19.3	999
12	0	1	3	7	3000.0	6.06	999
12	0	1	3	7	4000.0	6.88	999
12	0	1	3	7	5000.0	7.41	999
12	0	1	3	7	6000.0	7.77	999
12	0	1	3	7	7000.0	8.03	999
12	0	1	3	7	8000.0	8.21	999
12	0	1	3	7	9000.0	8.34	999
12	0	1	3	7	10000.0	8.44	999
12	0	1	3	7	11000.0	8.5	999
12	0	1	3	7	12000.0	8.54	999
12	0	1	3	7	13000.0	8.56	999
12	0	1	3	7	14000.0	8.56	999
12	0	1	3	7	15000.0	8.55	999
12	0	1	3	7	16000.0	8.54	999
12	0	1	4	7	3000.0	332.0	999
12	0	1	4	7	4000.0	372.0	999
12	0	1	4	7	5000.0	397.0	999
12	0	1	4	7	6000.0	412.0	999
12	0	1	4	7	7000.0	421.0	999
12	0	1	4	7	8000.0	427.0	999
12	0	1	4	7	9000.0	430.0	999
12	0	1	4	7	10000.0	432.0	999
12	0	1	4	7	11000.0	433.0	999
12	0	1	4	7	12000.0	434.0	999
12	0	1	4	7	13000.0	434.0	999
12	0	1	4	7	14000.0	433.0	999
12	0	1	4	7	15000.0	433.0	999
12	0	1	4	7	16000.0	433.0	999
12	0	1	5	7	3000.0	1.73	999
12	0	1	5	7	4000.0	2.01	999
12	0	1	5	7	5000.0	2.21	999
12	0	1	5	7	6000.0	2.37	999
12	0	1	5	7	7000.0	2.5	999
12	0	1	5	7	8000.0	2.61	999
12	0	1	5	7	9000.0	2.7	999
12	0	1	5	7	10000.0	2.78	999
12	0	1	5	7	11000.0	2.84	999
12	0	1	5	7	12000.0	2.89	999
12	0	1	5	7	13000.0	2.94	999
12	0	1	5	7	14000.0	2.97	999
12	0	1	5	7	15000.0	3.0	999
12	0	1	5	7	16000.0	3.03	999
12	0	1	6	7	3000.0	12.4	999
12	0	1	6	7	4000.0	14.1	999
12	0	1	6	7	5000.0	15.3	999
12	0	1	6	7	6000.0	16.2	999
12	0	1	6	7	7000.0	16.8	999
12	0	1	6	7	8000.0	17.2	999
12	0	1	6	7	9000.0	17.6	999
12	0	1	6	7	10000.0	17.9	999
12	0	1	6	7	11000.0	18.1	999
12	0	1	6	7	12000.0	18.2	999
12	0	1	6	7	13000.0	18.3	999
12	0	1	6	7	14000.0	18.4	999
12	0	1	6	7	15000.0	18.4	999
12	0	1	6	7	16000.0	18.4	999
12	0	1	1	8	3000.0	2.85	999
12	0	1	1	8	4000.0	3.2	999
12	0	1	1	8	5000.0	3.41	999
12	0	1	1	8	6000.0	3.54	999
12	0	1	1	8	7000.0	3.61	999
12	0	1	1	8	8000.0	3.66	999
12	0	1	1	8	9000.0	3.68	999
12	0	1	1	8	10000.0	3.69	999
12	0	1	1	8	11000.0	3.68	999
12	0	1	1	8	12000.0	3.67	999
12	0	1	1	8	13000.0	3.64	999
12	0	1	1	8	14000.0	3.62	999
12	0	1	1	8	15000.0	3.59	999
12	0	1	1	8	16000.0	3.56	999
12	0	1	2	8	3000.0	24.0	999
12	0	1	2	8	4000.0	28.1	999
12	0	1	2	8	5000.0	31.3	999
12	0	1	2	8	6000.0	33.8	999
12	0	1	2	8	7000.0	36.0	999
12	0	1	2	8	8000.0	37.9	999
12	0	1	2	8	9000.0	39.7	999
12	0	1	2	8	10000.0	41.3	999
12	0	1	2	8	11000.0	42.7	999
12	0	1	2	8	12000.0	44.1	999
12	0	1	2	8	13000.0	45.4	999
12	0	1	2	8	14000.0	46.6	999
12	0	1	2	8	15000.0	47.8	999
12	0	1	2	8	16000.0	48.9	999
12	0	1	3	8	3000.0	9.27	999
12	0	1	3	8	4000.0	10.8	999
12	0	1	3	8	5000.0	11.9	999
12	0	1	3	8	6000.0	12.7	999
12	0	1	3	8	7000.0	13.4	999
12	0	1	3	8	8000.0	14.0	999
12	0	1	3	8	9000.0	14.5	999
12	0	1	3	8	10000.0	14.9	999
12	0	1	3	8	11000.0	15.3	999
12	0	1	3	8	12000.0	15.6	999
12	0	1	3	8	13000.0	15.8	999
12	0	1	3	8	14000.0	16.0	999
12	0	1	3	8	15000.0	16.2	999
12	0	1	3	8	16000.0	16.3	999
12	0	1	4	8	3000.0	17.1	999
12	0	1	4	8	4000.0	20.5	999
12	0	1	4	8	5000.0	23.3	999
12	0	1	4	8	6000.0	25.8	999
12	0	1	4	8	7000.0	27.9	999
12	0	1	4	8	8000.0	29.9	999
12	0	1	4	8	9000.0	31.8	999
12	0	1	4	8	10000.0	33.5	999
12	0	1	4	8	11000.0	35.0	999
12	0	1	4	8	12000.0	36.5	999
12	0	1	4	8	13000.0	37.9	999
12	0	1	4	8	14000.0	39.2	999
12	0	1	4	8	15000.0	40.4	999
12	0	1	4	8	16000.0	41.5	999
12	0	1	5	8	3000.0	3.87	999
12	0	1	5	8	4000.0	4.45	999
12	0	1	5	8	5000.0	4.84	999
12	0	1	5	8	6000.0	5.13	999
12	0	1	5	8	7000.0	5.35	999
12	0	1	5	8	8000.0	5.53	999
12	0	1	5	8	9000.0	5.67	999
12	0	1	5	8	10000.0	5.78	999
12	0	1	5	8	11000.0	5.87	999
12	0	1	5	8	12000.0	5.94	999
12	0	1	5	8	13000.0	5.99	999
12	0	1	5	8	14000.0	6.03	999
12	0	1	5	8	15000.0	6.06	999
12	0	1	5	8	16000.0	6.07	999
12	0	1	6	8	3000.0	11.0	999
12	0	1	6	8	4000.0	13.4	999
12	0	1	6	8	5000.0	15.3	999
12	0	1	6	8	6000.0	17.0	999
12	0	1	6	8	7000.0	18.6	999
12	0	1	6	8	8000.0	20.0	999
12	0	1	6	8	9000.0	21.2	999
12	0	1	6	8	10000.0	22.3	999
12	0	1	6	8	11000.0	23.4	999
12	0	1	6	8	12000.0	24.3	999
12	0	1	6	8	13000.0	25.1	999
12	0	1	6	8	14000.0	25.8	999
12	0	1	6	8	15000.0	26.4	999
12	0	1	6	8	16000.0	27.0	999
12	0	1	7	8	3000.0	1700.0	999
12	0	1	7	8	4000.0	2020.0	999
12	0	1	7	8	5000.0	2260.0	999
12	0	1	7	8	6000.0	2470.0	999
12	0	1	7	8	7000.0	2650.0	999
12	0	1	7	8	8000.0	2820.0	999
12	0	1	7	8	9000.0	2970.0	999
12	0	1	7	8	10000.0	3100.0	999
12	0	1	7	8	11000.0	3230.0	999
12	0	1	7	8	12000.0	3350.0	999
12	0	1	7	8	13000.0	3470.0	999
12	0	1	7	8	14000.0	3570.0	999
12	0	1	7	8	15000.0	3670.0	999
12	0	1	7	8	16000.0	3770.0	999
12	0	1	1	9	3000.0	1.3	999
12	0	1	1	9	4000.0	1.47	999
12	0	1	1	9	5000.0	1.58	999
12	0	1	1	9	6000.0	1.65	999
12	0	1	1	9	7000.0	1.7	999
12	0	1	1	9	8000.0	1.74	999
12	0	1	1	9	9000.0	1.76	999
12	0	1	1	9	10000.0	1.78	999
12	0	1	1	9	11000.0	1.8	999
12	0	1	1	9	12000.0	1.81	999
12	0	1	1	9	13000.0	1.83	999
12	0	1	1	9	14000.0	1.84	999
12	0	1	1	9	15000.0	1.85	999
12	0	1	1	9	16000.0	1.86	999
12	0	1	2	9	3000.0	4.87	999
12	0	1	2	9	4000.0	5.59	999
12	0	1	2	9	5000.0	6.08	999
12	0	1	2	9	6000.0	6.44	999
12	0	1	2	9	7000.0	6.71	999
12	0	1	2	9	8000.0	6.93	999
12	0	1	2	9	9000.0	7.1	999
12	0	1	2	9	10000.0	7.23	999
12	0	1	2	9	11000.0	7.34	999
12	0	1	2	9	12000.0	7.42	999
12	0	1	2	9	13000.0	7.49	999
12	0	1	2	9	14000.0	7.53	999
12	0	1	2	9	15000.0	7.56	999
12	0	1	2	9	16000.0	7.58	999
12	0	1	3	9	3000.0	3.13	999
12	0	1	3	9	4000.0	3.83	999
12	0	1	3	9	5000.0	4.43	999
12	0	1	3	9	6000.0	4.96	999
12	0	1	3	9	7000.0	5.45	999
12	0	1	3	9	8000.0	5.91	999
12	0	1	3	9	9000.0	6.34	999
12	0	1	3	9	10000.0	6.76	999
12	0	1	3	9	11000.0	7.15	999
12	0	1	3	9	12000.0	7.52	999
12	0	1	3	9	13000.0	7.88	999
12	0	1	3	9	14000.0	8.22	999
12	0	1	3	9	15000.0	8.55	999
12	0	1	3	9	16000.0	8.86	999
12	0	1	4	9	3000.0	1.56	999
12	0	1	4	9	4000.0	1.8	999
12	0	1	4	9	5000.0	1.97	999
12	0	1	4	9	6000.0	2.09	999
12	0	1	4	9	7000.0	2.19	999
12	0	1	4	9	8000.0	2.27	999
12	0	1	4	9	9000.0	2.34	999
12	0	1	4	9	10000.0	2.4	999
12	0	1	4	9	11000.0	2.44	999
12	0	1	4	9	12000.0	2.48	999
12	0	1	4	9	13000.0	2.5	999
12	0	1	4	9	14000.0	2.53	999
12	0	1	4	9	15000.0	2.54	999
12	0	1	4	9	16000.0	2.55	999
12	0	1	5	9	3000.0	128.0	999
12	0	1	5	9	4000.0	144.0	999
12	0	1	5	9	5000.0	153.0	999
12	0	1	5	9	6000.0	159.0	999
12	0	1	5	9	7000.0	162.0	999
12	0	1	5	9	8000.0	164.0	999
12	0	1	5	9	9000.0	165.0	999
12	0	1	5	9	10000.0	166.0	999
12	0	1	5	9	11000.0	166.0	999
12	0	1	5	9	12000.0	166.0	999
12	0	1	5	9	13000.0	166.0	999
12	0	1	5	9	14000.0	165.0	999
12	0	1	5	9	15000.0	165.0	999
12	0	1	5	9	16000.0	164.0	999
12	0	1	6	9	3000.0	162.0	999
12	0	1	6	9	4000.0	183.0	999
12	0	1	6	9	5000.0	196.0	999
12	0	1	6	9	6000.0	204.0	999
12	0	1	6	9	7000.0	210.0	999
12	0	1	6	9	8000.0	214.0	999
12	0	1	6	9	9000.0	216.0	999
12	0	1	6	9	10000.0	218.0	999
12	0	1	6	9	11000.0	220.0	999
12	0	1	6	9	12000.0	221.0	999
12	0	1	6	9	13000.0	221.0	999
12	0	1	6	9	14000.0	222.0	999
12	0	1	6	9	15000.0	222.0	999
12	0	1	6	9	16000.0	223.0	999
12	0	1	7	9	3000.0	5.48	999
12	0	1	7	9	4000.0	6.24	999
12	0	1	7	9	5000.0	6.76	999
12	0	1	7	9	6000.0	7.12	999
12	0	1	7	9	7000.0	7.39	999
12	0	1	7	9	8000.0	7.59	999
12	0	1	7	9	9000.0	7.75	999
12	0	1	7	9	10000.0	7.87	999
12	0	1	7	9	11000.0	7.96	999
12	0	1	7	9	12000.0	8.04	999
12	0	1	7	9	13000.0	8.09	999
12	0	1	7	9	14000.0	8.13	999
12	0	1	7	9	15000.0	8.16	999
12	0	1	7	9	16000.0	8.17	999
12	0	1	8	9	3000.0	14.2	999
12	0	1	8	9	4000.0	16.0	999
12	0	1	8	9	5000.0	17.2	999
12	0	1	8	9	6000.0	17.9	999
12	0	1	8	9	7000.0	18.4	999
12	0	1	8	9	8000.0	18.7	999
12	0	1	8	9	9000.0	18.8	999
12	0	1	8	9	10000.0	18.9	999
12	0	1	8	9	11000.0	19.0	999
12	0	1	8	9	12000.0	18.9	999
12	0	1	8	9	13000.0	18.9	999
12	0	1	8	9	14000.0	18.8	999
12	0	1	8	9	15000.0	18.7	999
12	0	1	8	9	16000.0	18.6	999
12	0	1	1	10	3000.0	0.306	999
12	0	1	1	10	4000.0	0.344	999
12	0	1	1	10	5000.0	0.368	999
12	0	1	1	10	6000.0	0.382	999
12	0	1	1	10	7000.0	0.391	999
12	0	1	1	10	8000.0	0.397	999
12	0	1	1	10	9000.0	0.4	999
12	0	1	1	10	10000.0	0.401	999
12	0	1	1	10	11000.0	0.401	999
12	0	1	1	10	12000.0	0.4	999
12	0	1	1	10	13000.0	0.39899999999999997	999
12	0	1	1	10	14000.0	0.397	999
12	0	1	1	10	15000.0	0.39399999999999996	999
12	0	1	1	10	16000.0	0.391	999
12	0	1	2	10	3000.0	2.38	999
12	0	1	2	10	4000.0	2.78	999
12	0	1	2	10	5000.0	3.09	999
12	0	1	2	10	6000.0	3.34	999
12	0	1	2	10	7000.0	3.55	999
12	0	1	2	10	8000.0	3.73	999
12	0	1	2	10	9000.0	3.89	999
12	0	1	2	10	10000.0	4.03	999
12	0	1	2	10	11000.0	4.15	999
12	0	1	2	10	12000.0	4.26	999
12	0	1	2	10	13000.0	4.36	999
12	0	1	2	10	14000.0	4.44	999
12	0	1	2	10	15000.0	4.52	999
12	0	1	2	10	16000.0	4.58	999
12	0	1	3	10	3000.0	1.54	999
12	0	1	3	10	4000.0	1.76	999
12	0	1	3	10	5000.0	1.89	999
12	0	1	3	10	6000.0	1.99	999
12	0	1	3	10	7000.0	2.06	999
12	0	1	3	10	8000.0	2.11	999
12	0	1	3	10	9000.0	2.14	999
12	0	1	3	10	10000.0	2.17	999
12	0	1	3	10	11000.0	2.19	999
12	0	1	3	10	12000.0	2.2	999
12	0	1	3	10	13000.0	2.2	999
12	0	1	3	10	14000.0	2.2	999
12	0	1	3	10	15000.0	2.2	999
12	0	1	3	10	16000.0	2.2	999
12	0	1	4	10	3000.0	3.34	999
12	0	1	4	10	4000.0	4.02	999
12	0	1	4	10	5000.0	4.56	999
12	0	1	4	10	6000.0	5.04	999
12	0	1	4	10	7000.0	5.46	999
12	0	1	4	10	8000.0	5.85	999
12	0	1	4	10	9000.0	6.21	999
12	0	1	4	10	10000.0	6.54	999
12	0	1	4	10	11000.0	6.85	999
12	0	1	4	10	12000.0	7.14	999
12	0	1	4	10	13000.0	7.42	999
12	0	1	4	10	14000.0	7.68	999
12	0	1	4	10	15000.0	7.93	999
12	0	1	4	10	16000.0	8.16	999
12	0	1	5	10	3000.0	1.46	999
12	0	1	5	10	4000.0	1.64	999
12	0	1	5	10	5000.0	1.75	999
12	0	1	5	10	6000.0	1.81	999
12	0	1	5	10	7000.0	1.86	999
12	0	1	5	10	8000.0	1.88	999
12	0	1	5	10	9000.0	1.89	999
12	0	1	5	10	10000.0	1.89	999
12	0	1	5	10	11000.0	1.89	999
12	0	1	5	10	12000.0	1.89	999
12	0	1	5	10	13000.0	1.87	999
12	0	1	5	10	14000.0	1.86	999
12	0	1	5	10	15000.0	1.85	999
12	0	1	5	10	16000.0	1.83	999
12	0	1	6	10	3000.0	4.44	999
12	0	1	6	10	4000.0	5.01	999
12	0	1	6	10	5000.0	5.37	999
12	0	1	6	10	6000.0	5.6	999
12	0	1	6	10	7000.0	5.76	999
12	0	1	6	10	8000.0	5.86	999
12	0	1	6	10	9000.0	5.92	999
12	0	1	6	10	10000.0	5.96	999
12	0	1	6	10	11000.0	5.97	999
12	0	1	6	10	12000.0	5.97	999
12	0	1	6	10	13000.0	5.96	999
12	0	1	6	10	14000.0	5.93	999
12	0	1	6	10	15000.0	5.9	999
12	0	1	6	10	16000.0	5.86	999
12	0	1	7	10	3000.0	435.0	999
12	0	1	7	10	4000.0	489.0	999
12	0	1	7	10	5000.0	521.0	999
12	0	1	7	10	6000.0	541.0	999
12	0	1	7	10	7000.0	554.0	999
12	0	1	7	10	8000.0	562.0	999
12	0	1	7	10	9000.0	566.0	999
12	0	1	7	10	10000.0	569.0	999
12	0	1	7	10	11000.0	570.0	999
12	0	1	7	10	12000.0	571.0	999
12	0	1	7	10	13000.0	571.0	999
12	0	1	7	10	14000.0	570.0	999
12	0	1	7	10	15000.0	569.0	999
12	0	1	7	10	16000.0	568.0	999
12	0	1	8	10	3000.0	17.7	999
12	0	1	8	10	4000.0	20.4	999
12	0	1	8	10	5000.0	22.2	999
12	0	1	8	10	6000.0	23.7	999
12	0	1	8	10	7000.0	24.8	999
12	0	1	8	10	8000.0	25.7	999
12	0	1	8	10	9000.0	26.4	999
12	0	1	8	10	10000.0	27.1	999
12	0	1	8	10	11000.0	27.7	999
12	0	1	8	10	12000.0	28.2	999
12	0	1	8	10	13000.0	28.6	999
12	0	1	8	10	14000.0	29.0	999
12	0	1	8	10	15000.0	29.3	999
12	0	1	8	10	16000.0	29.6	999
12	0	1	9	10	3000.0	4.24	999
12	0	1	9	10	4000.0	4.76	999
12	0	1	9	10	5000.0	5.06	999
12	0	1	9	10	6000.0	5.24	999
12	0	1	9	10	7000.0	5.35	999
12	0	1	9	10	8000.0	5.4	999
12	0	1	9	10	9000.0	5.42	999
12	0	1	9	10	10000.0	5.42	999
12	0	1	9	10	11000.0	5.4	999
12	0	1	9	10	12000.0	5.37	999
12	0	1	9	10	13000.0	5.33	999
12	0	1	9	10	14000.0	5.28	999
12	0	1	9	10	15000.0	5.23	999
12	0	1	9	10	16000.0	5.17	999
12	0	1	1	11	3000.0	0.213	999
12	0	1	1	11	4000.0	0.24100000000000002	999
12	0	1	1	11	5000.0	0.258	999
12	0	1	1	11	6000.0	0.26899999999999996	999
12	0	1	1	11	7000.0	0.27699999999999997	999
12	0	1	1	11	8000.0	0.282	999
12	0	1	1	11	9000.0	0.28600000000000003	999
12	0	1	1	11	10000.0	0.289	999
12	0	1	1	11	11000.0	0.292	999
12	0	1	1	11	12000.0	0.294	999
12	0	1	1	11	13000.0	0.29600000000000004	999
12	0	1	1	11	14000.0	0.297	999
12	0	1	1	11	15000.0	0.299	999
12	0	1	1	11	16000.0	0.301	999
12	0	1	2	11	3000.0	0.782	999
12	0	1	2	11	4000.0	0.91	999
12	0	1	2	11	5000.0	1.01	999
12	0	1	2	11	6000.0	1.08	999
12	0	1	2	11	7000.0	1.14	999
12	0	1	2	11	8000.0	1.19	999
12	0	1	2	11	9000.0	1.24	999
12	0	1	2	11	10000.0	1.27	999
12	0	1	2	11	11000.0	1.3	999
12	0	1	2	11	12000.0	1.33	999
12	0	1	2	11	13000.0	1.35	999
12	0	1	2	11	14000.0	1.37	999
12	0	1	2	11	15000.0	1.38	999
12	0	1	2	11	16000.0	1.4	999
12	0	1	3	11	3000.0	0.43799999999999994	999
12	0	1	3	11	4000.0	0.546	999
12	0	1	3	11	5000.0	0.6409999999999999	999
12	0	1	3	11	6000.0	0.728	999
12	0	1	3	11	7000.0	0.8079999999999999	999
12	0	1	3	11	8000.0	0.884	999
12	0	1	3	11	9000.0	0.955	999
12	0	1	3	11	10000.0	1.02	999
12	0	1	3	11	11000.0	1.08	999
12	0	1	3	11	12000.0	1.14	999
12	0	1	3	11	13000.0	1.2	999
12	0	1	3	11	14000.0	1.25	999
12	0	1	3	11	15000.0	1.3	999
12	0	1	3	11	16000.0	1.34	999
12	0	1	4	11	3000.0	0.795	999
12	0	1	4	11	4000.0	0.899	999
12	0	1	4	11	5000.0	0.9640000000000001	999
12	0	1	4	11	6000.0	1.01	999
12	0	1	4	11	7000.0	1.04	999
12	0	1	4	11	8000.0	1.06	999
12	0	1	4	11	9000.0	1.07	999
12	0	1	4	11	10000.0	1.08	999
12	0	1	4	11	11000.0	1.08	999
12	0	1	4	11	12000.0	1.08	999
12	0	1	4	11	13000.0	1.08	999
12	0	1	4	11	14000.0	1.08	999
12	0	1	4	11	15000.0	1.07	999
12	0	1	4	11	16000.0	1.07	999
12	0	1	5	11	3000.0	1.8	999
12	0	1	5	11	4000.0	2.18	999
12	0	1	5	11	5000.0	2.5	999
12	0	1	5	11	6000.0	2.78	999
12	0	1	5	11	7000.0	3.03	999
12	0	1	5	11	8000.0	3.27	999
12	0	1	5	11	9000.0	3.49	999
12	0	1	5	11	10000.0	3.7	999
12	0	1	5	11	11000.0	3.89	999
12	0	1	5	11	12000.0	4.08	999
12	0	1	5	11	13000.0	4.25	999
12	0	1	5	11	14000.0	4.41	999
12	0	1	5	11	15000.0	4.57	999
12	0	1	5	11	16000.0	4.72	999
12	0	1	6	11	3000.0	2.13	999
12	0	1	6	11	4000.0	2.44	999
12	0	1	6	11	5000.0	2.65	999
12	0	1	6	11	6000.0	2.8	999
12	0	1	6	11	7000.0	2.92	999
12	0	1	6	11	8000.0	3.01	999
12	0	1	6	11	9000.0	3.08	999
12	0	1	6	11	10000.0	3.14	999
12	0	1	6	11	11000.0	3.18	999
12	0	1	6	11	12000.0	3.22	999
12	0	1	6	11	13000.0	3.25	999
12	0	1	6	11	14000.0	3.27	999
12	0	1	6	11	15000.0	3.28	999
12	0	1	6	11	16000.0	3.29	999
12	0	1	7	11	3000.0	2.62	999
12	0	1	7	11	4000.0	2.96	999
12	0	1	7	11	5000.0	3.17	999
12	0	1	7	11	6000.0	3.3	999
12	0	1	7	11	7000.0	3.39	999
12	0	1	7	11	8000.0	3.45	999
12	0	1	7	11	9000.0	3.49	999
12	0	1	7	11	10000.0	3.51	999
12	0	1	7	11	11000.0	3.51	999
12	0	1	7	11	12000.0	3.51	999
12	0	1	7	11	13000.0	3.5	999
12	0	1	7	11	14000.0	3.49	999
12	0	1	7	11	15000.0	3.46	999
12	0	1	7	11	16000.0	3.44	999
12	0	1	8	11	3000.0	4.9	999
12	0	1	8	11	4000.0	5.52	999
12	0	1	8	11	5000.0	5.91	999
12	0	1	8	11	6000.0	6.16	999
12	0	1	8	11	7000.0	6.32	999
12	0	1	8	11	8000.0	6.42	999
12	0	1	8	11	9000.0	6.48	999
12	0	1	8	11	10000.0	6.51	999
12	0	1	8	11	11000.0	6.52	999
12	0	1	8	11	12000.0	6.52	999
12	0	1	8	11	13000.0	6.5	999
12	0	1	8	11	14000.0	6.46	999
12	0	1	8	11	15000.0	6.42	999
12	0	1	8	11	16000.0	6.38	999
12	0	1	9	11	3000.0	259.0	999
12	0	1	9	11	4000.0	292.0	999
12	0	1	9	11	5000.0	312.0	999
12	0	1	9	11	6000.0	325.0	999
12	0	1	9	11	7000.0	334.0	999
12	0	1	9	11	8000.0	340.0	999
12	0	1	9	11	9000.0	344.0	999
12	0	1	9	11	10000.0	347.0	999
12	0	1	9	11	11000.0	349.0	999
12	0	1	9	11	12000.0	350.0	999
12	0	1	9	11	13000.0	351.0	999
12	0	1	9	11	14000.0	352.0	999
12	0	1	9	11	15000.0	352.0	999
12	0	1	9	11	16000.0	353.0	999
12	0	1	10	11	3000.0	2.25	999
12	0	1	10	11	4000.0	2.56	999
12	0	1	10	11	5000.0	2.77	999
12	0	1	10	11	6000.0	2.92	999
12	0	1	10	11	7000.0	3.03	999
12	0	1	10	11	8000.0	3.12	999
12	0	1	10	11	9000.0	3.18	999
12	0	1	10	11	10000.0	3.23	999
12	0	1	10	11	11000.0	3.27	999
12	0	1	10	11	12000.0	3.3	999
12	0	1	10	11	13000.0	3.32	999
12	0	1	10	11	14000.0	3.33	999
12	0	1	10	11	15000.0	3.34	999
12	0	1	10	11	16000.0	3.35	999
12	0	1	1	12	3000.0	0.637	999
12	0	1	1	12	4000.0	0.706	999
12	0	1	1	12	5000.0	0.742	999
12	0	1	1	12	6000.0	0.759	999
12	0	1	1	12	7000.0	0.764	999
12	0	1	1	12	8000.0	0.763	999
12	0	1	1	12	9000.0	0.757	999
12	0	1	1	12	10000.0	0.748	999
12	0	1	1	12	11000.0	0.737	999
12	0	1	1	12	12000.0	0.726	999
12	0	1	1	12	13000.0	0.7140000000000001	999
12	0	1	1	12	14000.0	0.701	999
12	0	1	1	12	15000.0	0.6890000000000001	999
12	0	1	1	12	16000.0	0.677	999
12	0	1	2	12	3000.0	3.79	999
12	0	1	2	12	4000.0	4.34	999
12	0	1	2	12	5000.0	4.71	999
12	0	1	2	12	6000.0	4.98	999
12	0	1	2	12	7000.0	5.18	999
12	0	1	2	12	8000.0	5.34	999
12	0	1	2	12	9000.0	5.46	999
12	0	1	2	12	10000.0	5.56	999
12	0	1	2	12	11000.0	5.64	999
12	0	1	2	12	12000.0	5.69	999
12	0	1	2	12	13000.0	5.73	999
12	0	1	2	12	14000.0	5.76	999
12	0	1	2	12	15000.0	5.78	999
12	0	1	2	12	16000.0	5.79	999
12	0	1	3	12	3000.0	3.23	999
12	0	1	3	12	4000.0	3.72	999
12	0	1	3	12	5000.0	4.07	999
12	0	1	3	12	6000.0	4.33	999
12	0	1	3	12	7000.0	4.54	999
12	0	1	3	12	8000.0	4.71	999
12	0	1	3	12	9000.0	4.86	999
12	0	1	3	12	10000.0	4.98	999
12	0	1	3	12	11000.0	5.08	999
12	0	1	3	12	12000.0	5.17	999
12	0	1	3	12	13000.0	5.24	999
12	0	1	3	12	14000.0	5.31	999
12	0	1	3	12	15000.0	5.36	999
12	0	1	3	12	16000.0	5.41	999
12	0	1	4	12	3000.0	2.76	999
12	0	1	4	12	4000.0	3.12	999
12	0	1	4	12	5000.0	3.35	999
12	0	1	4	12	6000.0	3.5	999
12	0	1	4	12	7000.0	3.6	999
12	0	1	4	12	8000.0	3.67	999
12	0	1	4	12	9000.0	3.71	999
12	0	1	4	12	10000.0	3.74	999
12	0	1	4	12	11000.0	3.75	999
12	0	1	4	12	12000.0	3.76	999
12	0	1	4	12	13000.0	3.75	999
12	0	1	4	12	14000.0	3.74	999
12	0	1	4	12	15000.0	3.72	999
12	0	1	4	12	16000.0	3.7	999
12	0	1	5	12	3000.0	3.53	999
12	0	1	5	12	4000.0	4.18	999
12	0	1	5	12	5000.0	4.68	999
12	0	1	5	12	6000.0	5.1	999
12	0	1	5	12	7000.0	5.46	999
12	0	1	5	12	8000.0	5.78	999
12	0	1	5	12	9000.0	6.06	999
12	0	1	5	12	10000.0	6.32	999
12	0	1	5	12	11000.0	6.56	999
12	0	1	5	12	12000.0	6.77	999
12	0	1	5	12	13000.0	6.97	999
12	0	1	5	12	14000.0	7.15	999
12	0	1	5	12	15000.0	7.31	999
12	0	1	5	12	16000.0	7.46	999
12	0	1	6	12	3000.0	11.7	999
12	0	1	6	12	4000.0	13.8	999
12	0	1	6	12	5000.0	15.4	999
12	0	1	6	12	6000.0	16.7	999
12	0	1	6	12	7000.0	17.8	999
12	0	1	6	12	8000.0	18.8	999
12	0	1	6	12	9000.0	19.7	999
12	0	1	6	12	10000.0	20.5	999
12	0	1	6	12	11000.0	21.2	999
12	0	1	6	12	12000.0	21.9	999
12	0	1	6	12	13000.0	22.5	999
12	0	1	6	12	14000.0	23.1	999
12	0	1	6	12	15000.0	23.7	999
12	0	1	6	12	16000.0	24.2	999
12	0	1	7	12	3000.0	9.88	999
12	0	1	7	12	4000.0	11.2	999
12	0	1	7	12	5000.0	12.0	999
12	0	1	7	12	6000.0	12.6	999
12	0	1	7	12	7000.0	12.9	999
12	0	1	7	12	8000.0	13.2	999
12	0	1	7	12	9000.0	13.4	999
12	0	1	7	12	10000.0	13.5	999
12	0	1	7	12	11000.0	13.6	999
12	0	1	7	12	12000.0	13.6	999
12	0	1	7	12	13000.0	13.6	999
12	0	1	7	12	14000.0	13.5	999
12	0	1	7	12	15000.0	13.5	999
12	0	1	7	12	16000.0	13.4	999
12	0	1	8	12	3000.0	23.8	999
12	0	1	8	12	4000.0	26.8	999
12	0	1	8	12	5000.0	28.6	999
12	0	1	8	12	6000.0	29.7	999
12	0	1	8	12	7000.0	30.4	999
12	0	1	8	12	8000.0	30.9	999
12	0	1	8	12	9000.0	31.1	999
12	0	1	8	12	10000.0	31.2	999
12	0	1	8	12	11000.0	31.2	999
12	0	1	8	12	12000.0	31.1	999
12	0	1	8	12	13000.0	31.0	999
12	0	1	8	12	14000.0	30.8	999
12	0	1	8	12	15000.0	30.6	999
12	0	1	8	12	16000.0	30.3	999
12	0	1	9	12	3000.0	627.0	999
12	0	1	9	12	4000.0	706.0	999
12	0	1	9	12	5000.0	755.0	999
12	0	1	9	12	6000.0	786.0	999
12	0	1	9	12	7000.0	807.0	999
12	0	1	9	12	8000.0	820.0	999
12	0	1	9	12	9000.0	830.0	999
12	0	1	9	12	10000.0	836.0	999
12	0	1	9	12	11000.0	840.0	999
12	0	1	9	12	12000.0	843.0	999
12	0	1	9	12	13000.0	845.0	999
12	0	1	9	12	14000.0	846.0	999
12	0	1	9	12	15000.0	847.0	999
12	0	1	9	12	16000.0	848.0	999
12	0	1	10	12	3000.0	5.43	999
12	0	1	10	12	4000.0	6.07	999
12	0	1	10	12	5000.0	6.45	999
12	0	1	10	12	6000.0	6.66	999
12	0	1	10	12	7000.0	6.78	999
12	0	1	10	12	8000.0	6.83	999
12	0	1	10	12	9000.0	6.84	999
12	0	1	10	12	10000.0	6.82	999
12	0	1	10	12	11000.0	6.78	999
12	0	1	10	12	12000.0	6.73	999
12	0	1	10	12	13000.0	6.66	999
12	0	1	10	12	14000.0	6.59	999
12	0	1	10	12	15000.0	6.51	999
12	0	1	10	12	16000.0	6.43	999
12	0	1	11	12	3000.0	28.6	999
12	0	1	11	12	4000.0	34.4	999
12	0	1	11	12	5000.0	39.1	999
12	0	1	11	12	6000.0	43.2	999
12	0	1	11	12	7000.0	46.9	999
12	0	1	11	12	8000.0	50.2	999
12	0	1	11	12	9000.0	53.3	999
12	0	1	11	12	10000.0	56.2	999
12	0	1	11	12	11000.0	59.0	999
12	0	1	11	12	12000.0	61.5	999
12	0	1	11	12	13000.0	63.9	999
12	0	1	11	12	14000.0	66.2	999
12	0	1	11	12	15000.0	68.4	999
12	0	1	11	12	16000.0	70.5	999
12	0	1	1	13	3000.0	1.57	999
12	0	1	1	13	4000.0	1.76	999
12	0	1	1	13	5000.0	1.86	999
12	0	1	1	13	6000.0	1.92	999
12	0	1	1	13	7000.0	1.95	999
12	0	1	1	13	8000.0	1.96	999
12	0	1	1	13	9000.0	1.96	999
12	0	1	1	13	10000.0	1.96	999
12	0	1	1	13	11000.0	1.94	999
12	0	1	1	13	12000.0	1.92	999
12	0	1	1	13	13000.0	1.9	999
12	0	1	1	13	14000.0	1.88	999
12	0	1	1	13	15000.0	1.86	999
12	0	1	1	13	16000.0	1.83	999
12	0	1	2	13	3000.0	12.1	999
12	0	1	2	13	4000.0	14.1	999
12	0	1	2	13	5000.0	15.7	999
12	0	1	2	13	6000.0	17.0	999
12	0	1	2	13	7000.0	18.1	999
12	0	1	2	13	8000.0	19.0	999
12	0	1	2	13	9000.0	19.8	999
12	0	1	2	13	10000.0	20.6	999
12	0	1	2	13	11000.0	21.2	999
12	0	1	2	13	12000.0	21.8	999
12	0	1	2	13	13000.0	22.3	999
12	0	1	2	13	14000.0	22.7	999
12	0	1	2	13	15000.0	23.2	999
12	0	1	2	13	16000.0	23.5	999
12	0	1	3	13	3000.0	1.8	999
12	0	1	3	13	4000.0	2.26	999
12	0	1	3	13	5000.0	2.68	999
12	0	1	3	13	6000.0	3.06	999
12	0	1	3	13	7000.0	3.41	999
12	0	1	3	13	8000.0	3.74	999
12	0	1	3	13	9000.0	4.04	999
12	0	1	3	13	10000.0	4.31	999
12	0	1	3	13	11000.0	4.56	999
12	0	1	3	13	12000.0	4.78	999
12	0	1	3	13	13000.0	4.98	999
12	0	1	3	13	14000.0	5.15	999
12	0	1	3	13	15000.0	5.31	999
12	0	1	3	13	16000.0	5.44	999
12	0	1	4	13	3000.0	8.44	999
12	0	1	4	13	4000.0	9.61	999
12	0	1	4	13	5000.0	10.4	999
12	0	1	4	13	6000.0	10.9	999
12	0	1	4	13	7000.0	11.3	999
12	0	1	4	13	8000.0	11.6	999
12	0	1	4	13	9000.0	11.8	999
12	0	1	4	13	10000.0	11.9	999
12	0	1	4	13	11000.0	12.0	999
12	0	1	4	13	12000.0	12.1	999
12	0	1	4	13	13000.0	12.2	999
12	0	1	4	13	14000.0	12.2	999
12	0	1	4	13	15000.0	12.2	999
12	0	1	4	13	16000.0	12.2	999
12	0	1	5	13	3000.0	2.63	999
12	0	1	5	13	4000.0	2.97	999
12	0	1	5	13	5000.0	3.19	999
12	0	1	5	13	6000.0	3.33	999
12	0	1	5	13	7000.0	3.43	999
12	0	1	5	13	8000.0	3.5	999
12	0	1	5	13	9000.0	3.54	999
12	0	1	5	13	10000.0	3.57	999
12	0	1	5	13	11000.0	3.58	999
12	0	1	5	13	12000.0	3.58	999
12	0	1	5	13	13000.0	3.58	999
12	0	1	5	13	14000.0	3.57	999
12	0	1	5	13	15000.0	3.55	999
12	0	1	5	13	16000.0	3.54	999
12	0	1	6	13	3000.0	14.8	999
12	0	1	6	13	4000.0	16.9	999
12	0	1	6	13	5000.0	18.3	999
12	0	1	6	13	6000.0	19.3	999
12	0	1	6	13	7000.0	20.0	999
12	0	1	6	13	8000.0	20.6	999
12	0	1	6	13	9000.0	21.0	999
12	0	1	6	13	10000.0	21.4	999
12	0	1	6	13	11000.0	21.6	999
12	0	1	6	13	12000.0	21.8	999
12	0	1	6	13	13000.0	21.9	999
12	0	1	6	13	14000.0	22.0	999
12	0	1	6	13	15000.0	22.0	999
12	0	1	6	13	16000.0	22.0	999
12	0	1	7	13	3000.0	462.0	999
12	0	1	7	13	4000.0	516.0	999
12	0	1	7	13	5000.0	547.0	999
12	0	1	7	13	6000.0	564.0	999
12	0	1	7	13	7000.0	574.0	999
12	0	1	7	13	8000.0	578.0	999
12	0	1	7	13	9000.0	579.0	999
12	0	1	7	13	10000.0	578.0	999
12	0	1	7	13	11000.0	576.0	999
12	0	1	7	13	12000.0	573.0	999
12	0	1	7	13	13000.0	569.0	999
12	0	1	7	13	14000.0	565.0	999
12	0	1	7	13	15000.0	561.0	999
12	0	1	7	13	16000.0	557.0	999
12	0	1	8	13	3000.0	66.8	999
12	0	1	8	13	4000.0	77.6	999
12	0	1	8	13	5000.0	85.4	999
12	0	1	8	13	6000.0	91.5	999
12	0	1	8	13	7000.0	96.6	999
12	0	1	8	13	8000.0	101.0	999
12	0	1	8	13	9000.0	105.0	999
12	0	1	8	13	10000.0	108.0	999
12	0	1	8	13	11000.0	111.0	999
12	0	1	8	13	12000.0	114.0	999
12	0	1	8	13	13000.0	116.0	999
12	0	1	8	13	14000.0	119.0	999
12	0	1	8	13	15000.0	121.0	999
12	0	1	8	13	16000.0	123.0	999
12	0	1	9	13	3000.0	13.1	999
12	0	1	9	13	4000.0	14.8	999
12	0	1	9	13	5000.0	15.9	999
12	0	1	9	13	6000.0	16.6	999
12	0	1	9	13	7000.0	17.1	999
12	0	1	9	13	8000.0	17.4	999
12	0	1	9	13	9000.0	17.6	999
12	0	1	9	13	10000.0	17.7	999
12	0	1	9	13	11000.0	17.8	999
12	0	1	9	13	12000.0	17.8	999
12	0	1	9	13	13000.0	17.8	999
12	0	1	9	13	14000.0	17.7	999
12	0	1	9	13	15000.0	17.7	999
12	0	1	9	13	16000.0	17.6	999
12	0	1	10	13	3000.0	74.7	999
12	0	1	10	13	4000.0	88.6	999
12	0	1	10	13	5000.0	99.6	999
12	0	1	10	13	6000.0	109.0	999
12	0	1	10	13	7000.0	117.0	999
12	0	1	10	13	8000.0	124.0	999
12	0	1	10	13	9000.0	131.0	999
12	0	1	10	13	10000.0	137.0	999
12	0	1	10	13	11000.0	143.0	999
12	0	1	10	13	12000.0	149.0	999
12	0	1	10	13	13000.0	154.0	999
12	0	1	10	13	14000.0	159.0	999
12	0	1	10	13	15000.0	164.0	999
12	0	1	10	13	16000.0	168.0	999
12	0	1	11	13	3000.0	7.34	999
12	0	1	11	13	4000.0	8.2	999
12	0	1	11	13	5000.0	8.68	999
12	0	1	11	13	6000.0	8.96	999
12	0	1	11	13	7000.0	9.1	999
12	0	1	11	13	8000.0	9.15	999
12	0	1	11	13	9000.0	9.15	999
12	0	1	11	13	10000.0	9.11	999
12	0	1	11	13	11000.0	9.05	999
12	0	1	11	13	12000.0	8.96	999
12	0	1	11	13	13000.0	8.86	999
12	0	1	11	13	14000.0	8.75	999
12	0	1	11	13	15000.0	8.63	999
12	0	1	11	13	16000.0	8.51	999
12	0	1	12	13	3000.0	29.8	999
12	0	1	12	13	4000.0	33.6	999
12	0	1	12	13	5000.0	35.9	999
12	0	1	12	13	6000.0	37.5	999
12	0	1	12	13	7000.0	38.4	999
12	0	1	12	13	8000.0	39.1	999
12	0	1	12	13	9000.0	39.5	999
12	0	1	12	13	10000.0	39.7	999
12	0	1	12	13	11000.0	39.8	999
12	0	1	12	13	12000.0	39.8	999
12	0	1	12	13	13000.0	39.7	999
12	0	1	12	13	14000.0	39.5	999
12	0	1	12	13	15000.0	39.3	999
12	0	1	12	13	16000.0	39.1	999
12	0	1	1	14	3000.0	0.769	999
12	0	1	1	14	4000.0	0.857	999
12	0	1	1	14	5000.0	0.9059999999999999	999
12	0	1	1	14	6000.0	0.9329999999999999	999
12	0	1	1	14	7000.0	0.945	999
12	0	1	1	14	8000.0	0.9490000000000001	999
12	0	1	1	14	9000.0	0.948	999
12	0	1	1	14	10000.0	0.9420000000000001	999
12	0	1	1	14	11000.0	0.9329999999999999	999
12	0	1	1	14	12000.0	0.9229999999999999	999
12	0	1	1	14	13000.0	0.912	999
12	0	1	1	14	14000.0	0.899	999
12	0	1	1	14	15000.0	0.887	999
12	0	1	1	14	16000.0	0.8740000000000001	999
12	0	1	2	14	3000.0	6.29	999
12	0	1	2	14	4000.0	7.33	999
12	0	1	2	14	5000.0	8.09	999
12	0	1	2	14	6000.0	8.69	999
12	0	1	2	14	7000.0	9.18	999
12	0	1	2	14	8000.0	9.59	999
12	0	1	2	14	9000.0	9.94	999
12	0	1	2	14	10000.0	10.2	999
12	0	1	2	14	11000.0	10.5	999
12	0	1	2	14	12000.0	10.7	999
12	0	1	2	14	13000.0	10.9	999
12	0	1	2	14	14000.0	11.1	999
12	0	1	2	14	15000.0	11.2	999
12	0	1	2	14	16000.0	11.3	999
12	0	1	3	14	3000.0	4.01	999
12	0	1	3	14	4000.0	4.55	999
12	0	1	3	14	5000.0	4.89	999
12	0	1	3	14	6000.0	5.13	999
12	0	1	3	14	7000.0	5.3	999
12	0	1	3	14	8000.0	5.42	999
12	0	1	3	14	9000.0	5.5	999
12	0	1	3	14	10000.0	5.56	999
12	0	1	3	14	11000.0	5.6	999
12	0	1	3	14	12000.0	5.62	999
12	0	1	3	14	13000.0	5.63	999
12	0	1	3	14	14000.0	5.62	999
12	0	1	3	14	15000.0	5.61	999
12	0	1	3	14	16000.0	5.59	999
12	0	1	4	14	3000.0	8.81	999
12	0	1	4	14	4000.0	10.3	999
12	0	1	4	14	5000.0	11.4	999
12	0	1	4	14	6000.0	12.2	999
12	0	1	4	14	7000.0	13.0	999
12	0	1	4	14	8000.0	13.6	999
12	0	1	4	14	9000.0	14.1	999
12	0	1	4	14	10000.0	14.6	999
12	0	1	4	14	11000.0	15.1	999
12	0	1	4	14	12000.0	15.5	999
12	0	1	4	14	13000.0	15.9	999
12	0	1	4	14	14000.0	16.2	999
12	0	1	4	14	15000.0	16.5	999
12	0	1	4	14	16000.0	16.8	999
12	0	1	5	14	3000.0	1.39	999
12	0	1	5	14	4000.0	1.58	999
12	0	1	5	14	5000.0	1.7	999
12	0	1	5	14	6000.0	1.77	999
12	0	1	5	14	7000.0	1.83	999
12	0	1	5	14	8000.0	1.87	999
12	0	1	5	14	9000.0	1.89	999
12	0	1	5	14	10000.0	1.91	999
12	0	1	5	14	11000.0	1.92	999
12	0	1	5	14	12000.0	1.93	999
12	0	1	5	14	13000.0	1.93	999
12	0	1	5	14	14000.0	1.93	999
12	0	1	5	14	15000.0	1.92	999
12	0	1	5	14	16000.0	1.91	999
12	0	1	6	14	3000.0	10.9	999
12	0	1	6	14	4000.0	12.4	999
12	0	1	6	14	5000.0	13.3	999
12	0	1	6	14	6000.0	13.9	999
12	0	1	6	14	7000.0	14.4	999
12	0	1	6	14	8000.0	14.7	999
12	0	1	6	14	9000.0	14.9	999
12	0	1	6	14	10000.0	15.0	999
12	0	1	6	14	11000.0	15.1	999
12	0	1	6	14	12000.0	15.1	999
12	0	1	6	14	13000.0	15.1	999
12	0	1	6	14	14000.0	15.1	999
12	0	1	6	14	15000.0	15.1	999
12	0	1	6	14	16000.0	15.0	999
12	0	1	7	14	3000.0	22.4	999
12	0	1	7	14	4000.0	27.0	999
12	0	1	7	14	5000.0	30.7	999
12	0	1	7	14	6000.0	34.0	999
12	0	1	7	14	7000.0	36.9	999
12	0	1	7	14	8000.0	39.6	999
12	0	1	7	14	9000.0	42.0	999
12	0	1	7	14	10000.0	44.4	999
12	0	1	7	14	11000.0	46.5	999
12	0	1	7	14	12000.0	48.6	999
12	0	1	7	14	13000.0	50.5	999
12	0	1	7	14	14000.0	52.3	999
12	0	1	7	14	15000.0	54.1	999
12	0	1	7	14	16000.0	55.7	999
12	0	1	8	14	3000.0	44.0	999
12	0	1	8	14	4000.0	49.8	999
12	0	1	8	14	5000.0	53.5	999
12	0	1	8	14	6000.0	56.0	999
12	0	1	8	14	7000.0	57.7	999
12	0	1	8	14	8000.0	58.9	999
12	0	1	8	14	9000.0	59.7	999
12	0	1	8	14	10000.0	60.3	999
12	0	1	8	14	11000.0	60.6	999
12	0	1	8	14	12000.0	60.9	999
12	0	1	8	14	13000.0	61.0	999
12	0	1	8	14	14000.0	61.0	999
12	0	1	8	14	15000.0	60.9	999
12	0	1	8	14	16000.0	60.8	999
12	0	1	9	14	3000.0	9.39	999
12	0	1	9	14	4000.0	10.5	999
12	0	1	9	14	5000.0	11.2	999
12	0	1	9	14	6000.0	11.5	999
12	0	1	9	14	7000.0	11.7	999
12	0	1	9	14	8000.0	11.8	999
12	0	1	9	14	9000.0	11.8	999
12	0	1	9	14	10000.0	11.8	999
12	0	1	9	14	11000.0	11.8	999
12	0	1	9	14	12000.0	11.7	999
12	0	1	9	14	13000.0	11.6	999
12	0	1	9	14	14000.0	11.4	999
12	0	1	9	14	15000.0	11.3	999
12	0	1	9	14	16000.0	11.2	999
12	0	1	10	14	3000.0	1140.0	999
12	0	1	10	14	4000.0	1290.0	999
12	0	1	10	14	5000.0	1390.0	999
12	0	1	10	14	6000.0	1460.0	999
12	0	1	10	14	7000.0	1510.0	999
12	0	1	10	14	8000.0	1540.0	999
12	0	1	10	14	9000.0	1570.0	999
12	0	1	10	14	10000.0	1590.0	999
12	0	1	10	14	11000.0	1610.0	999
12	0	1	10	14	12000.0	1620.0	999
12	0	1	10	14	13000.0	1640.0	999
12	0	1	10	14	14000.0	1650.0	999
12	0	1	10	14	15000.0	1660.0	999
12	0	1	10	14	16000.0	1670.0	999
12	0	1	11	14	3000.0	5.36	999
12	0	1	11	14	4000.0	5.97	999
12	0	1	11	14	5000.0	6.3	999
12	0	1	11	14	6000.0	6.47	999
12	0	1	11	14	7000.0	6.55	999
12	0	1	11	14	8000.0	6.57	999
12	0	1	11	14	9000.0	6.55	999
12	0	1	11	14	10000.0	6.49	999
12	0	1	11	14	11000.0	6.42	999
12	0	1	11	14	12000.0	6.34	999
12	0	1	11	14	13000.0	6.25	999
12	0	1	11	14	14000.0	6.15	999
12	0	1	11	14	15000.0	6.06	999
12	0	1	11	14	16000.0	5.95	999
12	0	1	12	14	3000.0	17.4	999
12	0	1	12	14	4000.0	19.4	999
12	0	1	12	14	5000.0	20.5	999
12	0	1	12	14	6000.0	21.1	999
12	0	1	12	14	7000.0	21.4	999
12	0	1	12	14	8000.0	21.4	999
12	0	1	12	14	9000.0	21.4	999
12	0	1	12	14	10000.0	21.2	999
12	0	1	12	14	11000.0	21.0	999
12	0	1	12	14	12000.0	20.8	999
12	0	1	12	14	13000.0	20.5	999
12	0	1	12	14	14000.0	20.2	999
12	0	1	12	14	15000.0	19.9	999
12	0	1	12	14	16000.0	19.6	999
12	0	1	13	14	3000.0	6100.0	999
12	0	1	13	14	4000.0	7330.0	999
12	0	1	13	14	5000.0	8330.0	999
12	0	1	13	14	6000.0	9210.0	999
12	0	1	13	14	7000.0	9990.0	999
12	0	1	13	14	8000.0	10700.0	999
12	0	1	13	14	9000.0	11400.0	999
12	0	1	13	14	10000.0	12000.0	999
12	0	1	13	14	11000.0	12600.0	999
12	0	1	13	14	12000.0	13100.0	999
12	0	1	13	14	13000.0	13700.0	999
12	0	1	13	14	14000.0	14100.0	999
12	0	1	13	14	15000.0	14600.0	999
12	0	1	13	14	16000.0	15100.0	999
12	0	1	1	16	3000.0	0.271	999
12	0	1	1	16	4000.0	0.303	999
12	0	1	1	16	5000.0	0.321	999
12	0	1	1	16	6000.0	0.331	999
12	0	1	1	16	7000.0	0.336	999
12	0	1	1	16	8000.0	0.33799999999999997	999
12	0	1	1	16	9000.0	0.337	999
12	0	1	1	16	10000.0	0.336	999
12	0	1	1	16	11000.0	0.33299999999999996	999
12	0	1	1	16	12000.0	0.33	999
12	0	1	1	16	13000.0	0.326	999
12	0	1	1	16	14000.0	0.322	999
12	0	1	1	16	15000.0	0.318	999
12	0	1	1	16	16000.0	0.313	999
12	0	1	2	16	3000.0	2.87	999
12	0	1	2	16	4000.0	3.32	999
12	0	1	2	16	5000.0	3.63	999
12	0	1	2	16	6000.0	3.88	999
12	0	1	2	16	7000.0	4.07	999
12	0	1	2	16	8000.0	4.23	999
12	0	1	2	16	9000.0	4.37	999
12	0	1	2	16	10000.0	4.48	999
12	0	1	2	16	11000.0	4.57	999
12	0	1	2	16	12000.0	4.65	999
12	0	1	2	16	13000.0	4.71	999
12	0	1	2	16	14000.0	4.76	999
12	0	1	2	16	15000.0	4.8	999
12	0	1	2	16	16000.0	4.84	999
12	0	1	3	16	3000.0	11.1	999
12	0	1	3	16	4000.0	12.3	999
12	0	1	3	16	5000.0	13.0	999
12	0	1	3	16	6000.0	13.4	999
12	0	1	3	16	7000.0	13.6	999
12	0	1	3	16	8000.0	13.6	999
12	0	1	3	16	9000.0	13.6	999
12	0	1	3	16	10000.0	13.5	999
12	0	1	3	16	11000.0	13.3	999
12	0	1	3	16	12000.0	13.1	999
12	0	1	3	16	13000.0	13.0	999
12	0	1	3	16	14000.0	12.8	999
12	0	1	3	16	15000.0	12.6	999
12	0	1	3	16	16000.0	12.4	999
12	0	1	4	16	3000.0	12.2	999
12	0	1	4	16	4000.0	13.8	999
12	0	1	4	16	5000.0	14.7	999
12	0	1	4	16	6000.0	15.4	999
12	0	1	4	16	7000.0	15.8	999
12	0	1	4	16	8000.0	16.0	999
12	0	1	4	16	9000.0	16.2	999
12	0	1	4	16	10000.0	16.3	999
12	0	1	4	16	11000.0	16.3	999
12	0	1	4	16	12000.0	16.3	999
12	0	1	4	16	13000.0	16.3	999
12	0	1	4	16	14000.0	16.3	999
12	0	1	4	16	15000.0	16.2	999
12	0	1	4	16	16000.0	16.2	999
12	0	1	5	16	3000.0	4.13	999
12	0	1	5	16	4000.0	4.6	999
12	0	1	5	16	5000.0	4.86	999
12	0	1	5	16	6000.0	4.99	999
12	0	1	5	16	7000.0	5.05	999
12	0	1	5	16	8000.0	5.07	999
12	0	1	5	16	9000.0	5.05	999
12	0	1	5	16	10000.0	5.01	999
12	0	1	5	16	11000.0	4.96	999
12	0	1	5	16	12000.0	4.89	999
12	0	1	5	16	13000.0	4.82	999
12	0	1	5	16	14000.0	4.75	999
12	0	1	5	16	15000.0	4.68	999
12	0	1	5	16	16000.0	4.6	999
12	0	1	6	16	3000.0	10.7	999
12	0	1	6	16	4000.0	12.1	999
12	0	1	6	16	5000.0	13.0	999
12	0	1	6	16	6000.0	13.7	999
12	0	1	6	16	7000.0	14.1	999
12	0	1	6	16	8000.0	14.4	999
12	0	1	6	16	9000.0	14.6	999
12	0	1	6	16	10000.0	14.7	999
12	0	1	6	16	11000.0	14.8	999
12	0	1	6	16	12000.0	14.9	999
12	0	1	6	16	13000.0	14.9	999
12	0	1	6	16	14000.0	14.9	999
12	0	1	6	16	15000.0	14.8	999
12	0	1	6	16	16000.0	14.8	999
12	0	1	7	16	3000.0	73.9	999
12	0	1	7	16	4000.0	86.6	999
12	0	1	7	16	5000.0	96.2	999
12	0	1	7	16	6000.0	104.0	999
12	0	1	7	16	7000.0	110.0	999
12	0	1	7	16	8000.0	116.0	999
12	0	1	7	16	9000.0	121.0	999
12	0	1	7	16	10000.0	126.0	999
12	0	1	7	16	11000.0	130.0	999
12	0	1	7	16	12000.0	134.0	999
12	0	1	7	16	13000.0	137.0	999
12	0	1	7	16	14000.0	141.0	999
12	0	1	7	16	15000.0	144.0	999
12	0	1	7	16	16000.0	146.0	999
12	0	1	8	16	3000.0	1060.0	999
12	0	1	8	16	4000.0	1190.0	999
12	0	1	8	16	5000.0	1260.0	999
12	0	1	8	16	6000.0	1300.0	999
12	0	1	8	16	7000.0	1330.0	999
12	0	1	8	16	8000.0	1340.0	999
12	0	1	8	16	9000.0	1350.0	999
12	0	1	8	16	10000.0	1350.0	999
12	0	1	8	16	11000.0	1350.0	999
12	0	1	8	16	12000.0	1350.0	999
12	0	1	8	16	13000.0	1340.0	999
12	0	1	8	16	14000.0	1340.0	999
12	0	1	8	16	15000.0	1330.0	999
12	0	1	8	16	16000.0	1330.0	999
12	0	1	9	16	3000.0	18.6	999
12	0	1	9	16	4000.0	20.8	999
12	0	1	9	16	5000.0	22.1	999
12	0	1	9	16	6000.0	22.8	999
12	0	1	9	16	7000.0	23.2	999
12	0	1	9	16	8000.0	23.4	999
12	0	1	9	16	9000.0	23.4	999
12	0	1	9	16	10000.0	23.3	999
12	0	1	9	16	11000.0	23.2	999
12	0	1	9	16	12000.0	23.0	999
12	0	1	9	16	13000.0	22.8	999
12	0	1	9	16	14000.0	22.5	999
12	0	1	9	16	15000.0	22.2	999
12	0	1	9	16	16000.0	22.0	999
12	0	1	10	16	3000.0	26.2	999
12	0	1	10	16	4000.0	30.5	999
12	0	1	10	16	5000.0	33.6	999
12	0	1	10	16	6000.0	36.0	999
12	0	1	10	16	7000.0	38.0	999
12	0	1	10	16	8000.0	39.8	999
12	0	1	10	16	9000.0	41.3	999
12	0	1	10	16	10000.0	42.6	999
12	0	1	10	16	11000.0	43.9	999
12	0	1	10	16	12000.0	45.0	999
12	0	1	10	16	13000.0	46.0	999
12	0	1	10	16	14000.0	47.0	999
12	0	1	10	16	15000.0	47.9	999
12	0	1	10	16	16000.0	48.7	999
12	0	1	11	16	3000.0	7.68	999
12	0	1	11	16	4000.0	8.53	999
12	0	1	11	16	5000.0	8.99	999
12	0	1	11	16	6000.0	9.22	999
12	0	1	11	16	7000.0	9.31	999
12	0	1	11	16	8000.0	9.32	999
12	0	1	11	16	9000.0	9.26	999
12	0	1	11	16	10000.0	9.17	999
12	0	1	11	16	11000.0	9.06	999
12	0	1	11	16	12000.0	8.92	999
12	0	1	11	16	13000.0	8.78	999
12	0	1	11	16	14000.0	8.63	999
12	0	1	11	16	15000.0	8.48	999
12	0	1	11	16	16000.0	8.32	999
12	0	1	12	16	3000.0	41.9	999
12	0	1	12	16	4000.0	46.5	999
12	0	1	12	16	5000.0	49.0	999
12	0	1	12	16	6000.0	50.2	999
12	0	1	12	16	7000.0	50.7	999
12	0	1	12	16	8000.0	50.7	999
12	0	1	12	16	9000.0	50.3	999
12	0	1	12	16	10000.0	49.8	999
12	0	1	12	16	11000.0	49.1	999
12	0	1	12	16	12000.0	48.4	999
12	0	1	12	16	13000.0	47.6	999
12	0	1	12	16	14000.0	46.7	999
12	0	1	12	16	15000.0	45.9	999
12	0	1	12	16	16000.0	45.0	999
12	0	1	13	16	3000.0	4710.0	999
12	0	1	13	16	4000.0	5510.0	999
12	0	1	13	16	5000.0	6120.0	999
12	0	1	13	16	6000.0	6620.0	999
12	0	1	13	16	7000.0	7040.0	999
12	0	1	13	16	8000.0	7410.0	999
12	0	1	13	16	9000.0	7740.0	999
12	0	1	13	16	10000.0	8040.0	999
12	0	1	13	16	11000.0	8330.0	999
12	0	1	13	16	12000.0	8590.0	999
12	0	1	13	16	13000.0	8840.0	999
12	0	1	13	16	14000.0	9080.0	999
12	0	1	13	16	15000.0	9300.0	999
12	0	1	13	16	16000.0	9520.0	999
12	0	1	14	16	3000.0	171.0	999
12	0	1	14	16	4000.0	201.0	999
12	0	1	14	16	5000.0	225.0	999
12	0	1	14	16	6000.0	245.0	999
12	0	1	14	16	7000.0	262.0	999
12	0	1	14	16	8000.0	277.0	999
12	0	1	14	16	9000.0	291.0	999
12	0	1	14	16	10000.0	303.0	999
12	0	1	14	16	11000.0	315.0	999
12	0	1	14	16	12000.0	326.0	999
12	0	1	14	16	13000.0	336.0	999
12	0	1	14	16	14000.0	346.0	999
12	0	1	14	16	15000.0	355.0	999
12	0	1	14	16	16000.0	363.0	999
12	0	1	1	15	3000.0	0.0933	999
12	0	1	1	15	4000.0	0.10300000000000001	999
12	0	1	1	15	5000.0	0.109	999
12	0	1	1	15	6000.0	0.111	999
12	0	1	1	15	7000.0	0.11199999999999999	999
12	0	1	1	15	8000.0	0.11199999999999999	999
12	0	1	1	15	9000.0	0.111	999
12	0	1	1	15	10000.0	0.11	999
12	0	1	1	15	11000.0	0.109	999
12	0	1	1	15	12000.0	0.107	999
12	0	1	1	15	13000.0	0.105	999
12	0	1	1	15	14000.0	0.10400000000000001	999
12	0	1	1	15	15000.0	0.102	999
12	0	1	1	15	16000.0	0.1	999
12	0	1	2	15	3000.0	0.8590000000000001	999
12	0	1	2	15	4000.0	0.991	999
12	0	1	2	15	5000.0	1.09	999
12	0	1	2	15	6000.0	1.16	999
12	0	1	2	15	7000.0	1.21	999
12	0	1	2	15	8000.0	1.26	999
12	0	1	2	15	9000.0	1.3	999
12	0	1	2	15	10000.0	1.33	999
12	0	1	2	15	11000.0	1.35	999
12	0	1	2	15	12000.0	1.38	999
12	0	1	2	15	13000.0	1.39	999
12	0	1	2	15	14000.0	1.4	999
12	0	1	2	15	15000.0	1.41	999
12	0	1	2	15	16000.0	1.42	999
12	0	1	3	15	3000.0	6.83	999
12	0	1	3	15	4000.0	7.66	999
12	0	1	3	15	5000.0	8.16	999
12	0	1	3	15	6000.0	8.47	999
12	0	1	3	15	7000.0	8.65	999
12	0	1	3	15	8000.0	8.77	999
12	0	1	3	15	9000.0	8.83	999
12	0	1	3	15	10000.0	8.86	999
12	0	1	3	15	11000.0	8.87	999
12	0	1	3	15	12000.0	8.86	999
12	0	1	3	15	13000.0	8.85	999
12	0	1	3	15	14000.0	8.83	999
12	0	1	3	15	15000.0	8.81	999
12	0	1	3	15	16000.0	8.79	999
12	0	1	4	15	3000.0	4.3	999
12	0	1	4	15	4000.0	4.79	999
12	0	1	4	15	5000.0	5.06	999
12	0	1	4	15	6000.0	5.2	999
12	0	1	4	15	7000.0	5.27	999
12	0	1	4	15	8000.0	5.28	999
12	0	1	4	15	9000.0	5.27	999
12	0	1	4	15	10000.0	5.23	999
12	0	1	4	15	11000.0	5.17	999
12	0	1	4	15	12000.0	5.11	999
12	0	1	4	15	13000.0	5.04	999
12	0	1	4	15	14000.0	4.96	999
12	0	1	4	15	15000.0	4.89	999
12	0	1	4	15	16000.0	4.81	999
12	0	1	5	15	3000.0	4.11	999
12	0	1	5	15	4000.0	4.7	999
12	0	1	5	15	5000.0	5.1	999
12	0	1	5	15	6000.0	5.38	999
12	0	1	5	15	7000.0	5.6	999
12	0	1	5	15	8000.0	5.77	999
12	0	1	5	15	9000.0	5.9	999
12	0	1	5	15	10000.0	6.01	999
12	0	1	5	15	11000.0	6.1	999
12	0	1	5	15	12000.0	6.18	999
12	0	1	5	15	13000.0	6.25	999
12	0	1	5	15	14000.0	6.3	999
12	0	1	5	15	15000.0	6.35	999
12	0	1	5	15	16000.0	6.39	999
12	0	1	6	15	3000.0	191.0	999
12	0	1	6	15	4000.0	214.0	999
12	0	1	6	15	5000.0	227.0	999
12	0	1	6	15	6000.0	235.0	999
12	0	1	6	15	7000.0	240.0	999
12	0	1	6	15	8000.0	242.0	999
12	0	1	6	15	9000.0	243.0	999
12	0	1	6	15	10000.0	243.0	999
12	0	1	6	15	11000.0	243.0	999
12	0	1	6	15	12000.0	242.0	999
12	0	1	6	15	13000.0	241.0	999
12	0	1	6	15	14000.0	240.0	999
12	0	1	6	15	15000.0	239.0	999
12	0	1	6	15	16000.0	238.0	999
12	0	1	7	15	3000.0	14.9	999
12	0	1	7	15	4000.0	16.7	999
12	0	1	7	15	5000.0	17.8	999
12	0	1	7	15	6000.0	18.4	999
12	0	1	7	15	7000.0	18.7	999
12	0	1	7	15	8000.0	18.9	999
12	0	1	7	15	9000.0	18.9	999
12	0	1	7	15	10000.0	18.9	999
12	0	1	7	15	11000.0	18.8	999
12	0	1	7	15	12000.0	18.6	999
12	0	1	7	15	13000.0	18.4	999
12	0	1	7	15	14000.0	18.2	999
12	0	1	7	15	15000.0	18.0	999
12	0	1	7	15	16000.0	17.8	999
12	0	1	8	15	3000.0	20.9	999
12	0	1	8	15	4000.0	23.4	999
12	0	1	8	15	5000.0	24.9	999
12	0	1	8	15	6000.0	25.9	999
12	0	1	8	15	7000.0	26.4	999
12	0	1	8	15	8000.0	26.7	999
12	0	1	8	15	9000.0	26.8	999
12	0	1	8	15	10000.0	26.9	999
12	0	1	8	15	11000.0	26.8	999
12	0	1	8	15	12000.0	26.7	999
12	0	1	8	15	13000.0	26.5	999
12	0	1	8	15	14000.0	26.3	999
12	0	1	8	15	15000.0	26.0	999
12	0	1	8	15	16000.0	25.7	999
12	0	1	9	15	3000.0	36.6	999
12	0	1	9	15	4000.0	42.8	999
12	0	1	9	15	5000.0	47.5	999
12	0	1	9	15	6000.0	51.3	999
12	0	1	9	15	7000.0	54.5	999
12	0	1	9	15	8000.0	57.3	999
12	0	1	9	15	9000.0	59.8	999
12	0	1	9	15	10000.0	62.0	999
12	0	1	9	15	11000.0	64.1	999
12	0	1	9	15	12000.0	66.0	999
12	0	1	9	15	13000.0	67.8	999
12	0	1	9	15	14000.0	69.5	999
12	0	1	9	15	15000.0	71.1	999
12	0	1	9	15	16000.0	72.6	999
12	0	1	10	15	3000.0	6.77	999
12	0	1	10	15	4000.0	7.53	999
12	0	1	10	15	5000.0	7.95	999
12	0	1	10	15	6000.0	8.17	999
12	0	1	10	15	7000.0	8.26	999
12	0	1	10	15	8000.0	8.28	999
12	0	1	10	15	9000.0	8.25	999
12	0	1	10	15	10000.0	8.18	999
12	0	1	10	15	11000.0	8.09	999
12	0	1	10	15	12000.0	7.98	999
12	0	1	10	15	13000.0	7.87	999
12	0	1	10	15	14000.0	7.74	999
12	0	1	10	15	15000.0	7.61	999
12	0	1	10	15	16000.0	7.49	999
12	0	1	11	15	3000.0	7.98	999
12	0	1	11	15	4000.0	9.31	999
12	0	1	11	15	5000.0	10.3	999
12	0	1	11	15	6000.0	11.1	999
12	0	1	11	15	7000.0	11.7	999
12	0	1	11	15	8000.0	12.3	999
12	0	1	11	15	9000.0	12.8	999
12	0	1	11	15	10000.0	13.3	999
12	0	1	11	15	11000.0	13.7	999
12	0	1	11	15	12000.0	14.1	999
12	0	1	11	15	13000.0	14.5	999
12	0	1	11	15	14000.0	14.8	999
12	0	1	11	15	15000.0	15.1	999
12	0	1	11	15	16000.0	15.4	999
12	0	1	12	15	3000.0	1410.0	999
12	0	1	12	15	4000.0	1620.0	999
12	0	1	12	15	5000.0	1750.0	999
12	0	1	12	15	6000.0	1850.0	999
12	0	1	12	15	7000.0	1930.0	999
12	0	1	12	15	8000.0	1990.0	999
12	0	1	12	15	9000.0	2040.0	999
12	0	1	12	15	10000.0	2080.0	999
12	0	1	12	15	11000.0	2120.0	999
12	0	1	12	15	12000.0	2150.0	999
12	0	1	12	15	13000.0	2180.0	999
12	0	1	12	15	14000.0	2210.0	999
12	0	1	12	15	15000.0	2240.0	999
12	0	1	12	15	16000.0	2270.0	999
12	0	1	13	15	3000.0	44.0	999
12	0	1	13	15	4000.0	48.9	999
12	0	1	13	15	5000.0	51.6	999
12	0	1	13	15	6000.0	52.9	999
12	0	1	13	15	7000.0	53.5	999
12	0	1	13	15	8000.0	53.6	999
12	0	1	13	15	9000.0	53.3	999
12	0	1	13	15	10000.0	52.8	999
12	0	1	13	15	11000.0	52.2	999
12	0	1	13	15	12000.0	51.4	999
12	0	1	13	15	13000.0	50.7	999
12	0	1	13	15	14000.0	49.8	999
12	0	1	13	15	15000.0	49.0	999
12	0	1	13	15	16000.0	48.1	999
12	0	1	14	15	3000.0	24.5	999
12	0	1	14	15	4000.0	27.2	999
12	0	1	14	15	5000.0	28.7	999
12	0	1	14	15	6000.0	29.4	999
12	0	1	14	15	7000.0	29.7	999
12	0	1	14	15	8000.0	29.8	999
12	0	1	14	15	9000.0	29.6	999
12	0	1	14	15	10000.0	29.3	999
12	0	1	14	15	11000.0	29.0	999
12	0	1	14	15	12000.0	28.6	999
12	0	1	14	15	13000.0	28.1	999
12	0	1	14	15	14000.0	27.6	999
12	0	1	14	15	15000.0	27.1	999
12	0	1	14	15	16000.0	26.7	999
