2J P   S L   CF   NI       ENERGY(RYD)
 0 0   1 0    1    1        0.00000000       
 0 1  -3 1    2    4        0.19924275       
 2 1  -3 1    2    2        0.19936326       
 4 1  -3 1    2    1        0.19960497       
 2 1  -1 1    2    3        0.31941063       
 2 0   3 0    4    1        0.37541837       
 0 0   1 0    4    2        0.39643156       
 4 0   1 2    3    3        0.42285587       
 0 1  -3 1    5    4        0.43594855       
 2 1  -3 1    5    2        0.43598481       
 4 1  -3 1    5    1        0.43605760       
 2 0   3 2    3    4        0.43701626       
 4 0   3 2    3    2        0.43701658       
 6 0   3 2    3    1        0.43701705       
 2 1  -1 1    5    3        0.44968050       
 2 0   3 0    8    1        0.47269725       
 0 0   1 0    8    2        0.47892740       
 4 0   1 2    6    3        0.48419851       
 2 0   3 2    6    4        0.49383623       
 4 0   3 2    6    2        0.49383638       
 6 0   3 2    6    1        0.49383659       
 0 1  -3 1    9    4        0.49434555       
 2 1  -3 1    9    2        0.49436035       
 4 1  -3 1    9    1        0.49439012       
 6 1  -1 3    7    3        0.49824838       
 4 1  -3 3    7    4        0.49825080       
 6 1  -3 3    7    2        0.49825087       
 8 1  -3 3    7    1        0.49825094       
 2 1  -1 1    9    3        0.49852265       
 2 0   3 0   14    1        0.50932357       
 0 0   1 0   14    2        0.51201248       
 4 0   1 2   10    3        0.51311974       
 2 0   3 2   10    4        0.51913269       
 4 0   3 2   10    2        0.51913276       
 6 0   3 2   10    1        0.51913288       
 0 1  -3 1   15    4        0.51957469       
 2 1  -3 1   15    2        0.51958215       
 4 1  -3 1   15    1        0.51959719       
 6 1  -1 3   11    3        0.52128270       
 4 1  -3 3   11    4        0.52128367       
 6 1  -3 3   11    2        0.52128371       
 8 1  -3 3   11    1        0.52128375       
 2 1  -1 1   15    3        0.52138138       
14 0   3 4   12    4        0.52181666   ****
18 0   5 4   12    1        0.52181670   ****
 0 0   3 1   13    4        0.52695697       
 2 0   3 1   13    3        0.52708114       
 2 0   3 0   20    1        0.52721552       
 4 0   3 1   13    2        0.52732727       
 0 0   1 0   20    2        0.52862036       
 4 0   1 2   16    3        0.52874142       
 2 0   3 2   16    4        0.53257041       
 4 0   3 2   16    2        0.53257045       
 6 0   3 2   16    1        0.53257052       
 0 1  -3 1   21    4        0.53287663       
 2 1  -3 1   21    2        0.53288092       
 4 1  -3 1   21    1        0.53288956       
 6 1  -1 3   17    3        0.53377904       
 4 1  -3 3   17    4        0.53377947       
 6 1  -3 3   17    2        0.53377949       
 8 1  -3 3   17    1        0.53377951       
 2 1  -1 1   21    3        0.53382234       
14 0   3 4   18    4        0.53410087   ****
18 0   5 4   18    1        0.53410089   ****
40 1 -13 5   19    1        0.53417513   ****
 2 0   3 0   27    1        0.53730803       
 4 0   1 2   22    3        0.53802137       
 0 0   1 0   27    2        0.53813528       
 2 0   3 2   22    4        0.54055241       
 4 0   3 2   22    2        0.54055244       
 6 0   3 2   22    1        0.54055248       
 0 1  -3 1   28    4        0.54076336       
 2 1  -3 1   28    2        0.54076605       
 4 1  -3 1   28    1        0.54077146       
10 1  -5 3   23    4        0.54129958   ****
14 1  -7 3   23    1        0.54129961   ****
 2 1  -1 1   28    3        0.54132162       
32 0   7 4   24    1        0.54150714   ****
40 1 -13 5   25    1        0.54155558   ****
48 0   7 6   26    1        0.54157074   ****
 2 0   3 0   33    1        0.54356306       
 4 0   1 2   29    3        0.54393524       
 0 0   1 0   33    2        0.54409124       
 2 0   3 2   29    4        0.54567743       
 4 0   3 2   29    2        0.54567745       
 6 0   3 2   29    1        0.54567748       
 0 1  -3 1   34    4        0.54582587       
 2 1  -3 1   34    2        0.54582767       
 4 1  -3 1   34    1        0.54583128       
24 1 -13 3   30    1        0.54617130   ****
 2 1  -1 1   34    3        0.54618278       
32 0   7 4   31    1        0.54631254   ****
40 1 -13 5   32    1        0.54634583   ****
 2 0   3 0   41    1        0.54770796       
 4 0   1 2   35    3        0.54791973       
 0 0   1 0   41    2        0.54806546       
 6 0   5 2   35    2        0.54916218   ****
 6 0   3 2   35    1        0.54916220       
24 1 -13 3   36    1        0.54950574   ****
 0 1  -3 1   42    4        0.54951247       
 2 1  -3 1   42    2        0.54951310       
 2 1  -1 1   42    3        0.54951567       
 4 1  -3 1   42    1        0.54951626       
32 0   7 4   37    1        0.54960629   ****
40 1 -13 5   38    1        0.54962985   ****
48 0   7 6   39    1        0.54963732   ****
56 1 -13 7   40    1        0.54964022   ****
 2 0   3 0   45    1        0.55059549   ****
 4 0   1 2   43    3        0.55072516       
12 0   7 2   43    1        0.55163863   ****
24 1 -13 3   44    1        0.55188738   ****
 4 0   1 2   13    1        0.60669121       
 0 0   1 0   13    5        0.66456174       
 0 0   0 0    0    0     -399.64780045
