88     1.
1       0.549640208
2       0.549640208
3       0.541570719
4       0.549637301
5       0.541570719
6       0.549637301
7       0.534175104
8       0.541555556
9       0.546345813
10      0.549629828
11      0.534175104
12      0.541555556
13      0.546345813
14      0.549629828
15	0.521816664
16	0.534100863
17	0.541507113
18	0.546312520
19      0.549606272
20	0.521816664
21	0.534100863
22	0.541507113
23	0.546312520
24      0.549606272
25	0.498250870
26	0.521283701
27	0.533779477
28	0.541299581
29	0.546171278
30	0.549505723
31	0.551887356
32	0.498248364
33	0.521282689
34	0.533779022
35	0.541299581
36	0.546171278
37	0.549505723
38	0.551887356
39	0.437016719
40	0.493836432
41	0.519132788
42	0.532570459
43	0.540552437
44	0.545677444
45	0.549162175
46	0.551638610
47	0.422855842
48	0.484198485
49	0.513119723
51	0.528746722
52	0.538021352
53	0.543935220
54	0.547919717
55	0.550725144
56	0.527201070
57	0.199484141
58	0.436021207
59	0.494375231
60	0.519589664
61	0.532885227
62	0.540768740
63	0.545829460
64      0.549514990
65	0.319410620
66	0.449680482
67	0.498522637
68	0.521381370
69	0.533822330
70	0.541321610
71	0.546182760
72	0.549514990
73	0.375418359
74	0.472697238
75	0.509323560
76	0.527215502
77	0.537308013
78	0.543563050
79	0.547707950
80	0.550595480
81	0.000000000
82	0.396431540
83	0.478927388
85	0.512012460
86	0.528620640
87	0.538135270
88	0.544091220
89	0.548065440
90      0.550595480
