 S L P   CF   NI       ENERGY(RYD)
 1 0 0    1    1          0.000000       
 3 1 1    2    1          0.199484       
 1 1 1    2    2          0.319411       
 3 0 0    4    1          0.375418       
 1 0 0    4    2          0.396432       
 1 2 0    3    2          0.422856       
 3 1 1    5    1          0.436021       
 3 2 0    3    1          0.437017       
 1 1 1    5    2          0.449680       
 3 0 0    8    1          0.472697       
 1 0 0    8    2          0.478927       
 1 2 0    6    2          0.484198       
 3 2 0    6    1          0.493836       
 3 1 1    9    1          0.494375       
 1 3 1    7    2          0.498248       
 3 3 1    7    1          0.498251       
 1 1 1    9    2          0.498523       
 3 0 0   14    1          0.509324       
 1 0 0   14    2          0.512012       
 1 2 0   10    2          0.513120       
 3 2 0   10    1          0.519133       
 3 1 1   15    1          0.519590       
 1 3 1   11    2          0.521283       
 3 3 1   11    1          0.521284       
 1 1 1   15    2          0.521381       
 3 4 0   12    2          0.521817   ****
 3 1 0   13    2          0.527201       
 3 0 0   20    1          0.527216       
 1 0 0   20    2          0.528621       
 1 2 0   16    2          0.528747       
 3 2 0   16    1          0.532570       
 3 1 1   21    1          0.532885       
 1 3 1   17    2          0.533779       
 3 3 1   17    1          0.533779       
 1 1 1   21    2          0.533822       
 3 4 0   18    1          0.534101   ****
 3 5 1   19    2          0.534175   ****
 3 0 0   27    1          0.537308       
 1 2 0   22    2          0.538021       
 1 0 0   27    2          0.538135       
 3 2 0   22    1          0.540552       
 3 1 1   28    1          0.540769       
 3 3 1   23    2          0.541300   ****
 1 1 1   28    2          0.541322       
 3 4 0   24    1          0.541507   ****
 3 5 1   25    1          0.541556   ****
 3 6 0   26    2          0.541571   ****
 3 0 0   33    1          0.543563       
 1 2 0   29    2          0.543935       
 1 0 0   33    2          0.544091       
 3 2 0   29    1          0.545677       
 3 1 1   34    1          0.545829       
 3 3 1   30    2          0.546171   ****
 1 1 1   34    2          0.546183       
 3 4 0   31    1          0.546313   ****
 3 5 1   32    1          0.546346   ****
 3 0 0   41    1          0.547708       
 1 2 0   35    2          0.547920       
 1 0 0   41    2          0.548065       
 3 2 0   35    1          0.549162       
 3 3 1   36    2          0.549506   ****
 3 1 1   42    1          0.549515   ****
 3 4 0   37    1          0.549606   ****
 3 5 1   38    1          0.549630   ****
 3 6 0   39    1          0.549637   ****
 3 7 1   40    1          0.549640   ****
 3 0 0   45    1          0.550595   ****
 1 2 0   43    2          0.550725       
 3 2 0   43    1          0.551639       
 3 3 1   44    2          0.551887   ****
 1 2 0   13    1          0.604119       
 1 0 0   13    3          0.661756       
 0 0 0    0    0       -399.098904
