AtomicNumber	IonCharge	ModelIndex	LevelNumber	SublevelNumber	2J	StatisticalWeight	ExcitationWaven	commentid
12	0	1	1	1	0	1	0	2
12	0	1	2	1	0	1	21850.405	2
12	0	1	2	2	2	3	21870.464	2
12	0	1	2	3	4	5	21911.178	2
12	0	1	3	1	2	3	35051.264	2
12	0	1	4	1	2	3	41197.403	2
12	0	1	5	1	0	1	43503.333	2
12	0	1	6	1	4	5	46403.065	2
12	0	1	7	1	0	1	47841.119	2
12	0	1	7	2	2	3	47844.414	2
12	0	1	7	3	4	5	47851.162	2
12	0	1	8	1	4	5	47957.027	2
12	0	1	8	2	6	7	47957.045	2
12	0	1	8	3	2	3	47957.058	2
12	0	1	9	1	2	3	49346.729	2
12	0	1	10	1	2	3	51872.526	2
12	0	1	11	1	0	1	52556.206	2
12	0	1	12	1	4	5	53134.642	2
12	0	1	13	1	6	7	54192.256	2
12	0	1	13	2	4	5	54192.294	2
12	0	1	13	3	2	3	54192.335	2
12	0	1	14	1	0	1	54248.809	2
12	0	1	14	2	2	3	54250.086	2
12	0	1	14	3	4	5	54252.726	2
12	0	1	15	1	6	7	54676.438	2
12	0	1	16	1	4	5	54676.654	2
12	0	1	16	2	6	7	54676.701	2
12	0	1	16	3	8	9	54676.755	2
12	0	1	17	1	2	3	54706.536	2
12	0	1	18	1	2	3	55891.8	2
12	0	1	19	1	0	1	56186.873	2
12	0	1	20	1	4	5	56308.381	2
12	0	1	21	1	6	7	56968.218	2
12	0	1	21	2	4	5	56968.248	2
12	0	1	21	3	2	3	56968.271	2
12	0	1	22	1	0	1	57017.078	2
12	0	1	22	2	2	3	57017.724	2
12	0	1	22	3	4	5	57019.025	2
12	0	1	23	1	6	7	57204.163	2
12	0	1	24	1	4	5	57204.228	2
12	0	1	24	2	6	7	57204.267	2
12	0	1	24	3	8	9	57204.305	2
12	0	1	25	1	2	3	57214.992	2
12	0	1	26	1	6	7	57262.76	2
12	0	1	26	2	8	9	57262.76	2
12	0	1	26	3	10	11	57262.76	3
12	0	1	27	1	8	9	57262.76	2
12	0	1	28	1	0	1	57812.77	2
12	0	1	28	2	2	3	57833.4	2
12	0	1	28	3	4	5	57873.94	2
12	0	1	29	1	2	3	57855.214	2
12	0	1	30	1	0	1	58009.41	2
12	0	1	31	1	4	5	58023.246	2
12	0	1	32	1	6	7	58442.843	2
12	0	1	32	2	4	5	58442.853	2
12	0	1	32	3	2	3	58442.874	2
12	0	1	33	1	0	1	58476.689	2
12	0	1	33	2	2	3	58477.02	2
12	0	1	33	3	4	5	58477.76	2
12	0	1	34	1	6	7	58575.477	2
12	0	1	35	1	6	7	58575.527	2
12	0	1	35	2	4	5	58575.527	2
12	0	1	35	3	8	9	58575.527	2
12	0	1	36	1	2	3	58580.23	2
12	0	1	37	1	10	11	58610.795	2
12	0	1	37	2	8	9	58610.795	2
12	0	1	37	3	6	7	58610.795	2
12	0	1	38	1	8	9	58610.795	2
12	0	1	39	1	8	9	58618.942	3
12	0	1	39	2	10	11	58618.942	3
12	0	1	39	3	12	13	58618.942	3
12	0	1	40	1	10	11	58618.942	3
12	0	1	41	1	2	3	58962.739	2
12	0	1	42	1	4	5	59041.019	2
12	0	1	43	1	0	1	59053.52	2
12	0	1	44	1	6	7	59318.764	2
12	0	1	44	2	4	5	59318.775	2
12	0	1	44	3	2	3	59318.793	2
12	0	1	45	1	0	1	59342.51	2
12	0	1	45	2	4	5	59342.51	2
12	0	1	45	3	2	3	59342.51	2
12	0	1	46	1	4	5	59400.763	2
12	0	1	46	2	8	9	59400.763	2
12	0	1	46	3	6	7	59400.763	2
12	0	1	47	1	6	7	59400.763	2
12	0	1	48	1	2	3	59403.18	2
12	0	1	49	1	8	9	59423.537	2
12	0	1	50	1	8	9	59423.537	2
12	0	1	50	2	6	7	59423.537	2
12	0	1	50	3	10	11	59423.537	2
12	0	1	51	1	8	9	59428.853	3
12	0	1	51	2	10	11	59428.853	3
12	0	1	51	3	12	13	59428.853	3
12	0	1	52	1	10	11	59428.853	3
12	0	1	53	1	10	11	59430.517	3
12	0	1	53	2	12	13	59430.517	3
12	0	1	53	3	14	15	59430.517	3
12	0	1	54	1	12	13	59430.517	3
12	0	1	55	1	2	3	59649.15	2
12	0	1	56	1	4	5	59689.991	2
12	0	1	57	1	0	1	59707.11	2
12	0	1	58	1	6	7	59881.168	2
12	0	1	58	2	4	5	59881.181	2
12	0	1	58	3	2	3	59881.196	2
12	0	1	59	1	0	1	59897.86	2
12	0	1	59	2	4	5	59897.86	2
12	0	1	59	3	2	3	59897.86	2
12	0	1	60	1	6	7	59935.37	2
12	0	1	61	1	6	7	59935.37	2
12	0	1	61	2	4	5	59935.37	2
12	0	1	61	3	8	9	59935.37	2
12	0	1	62	1	2	3	59936.63	2
12	0	1	63	1	8	9	59950.87	2
12	0	1	64	1	10	11	59950.87	2
12	0	1	64	2	8	9	59950.87	2
12	0	1	64	3	6	7	59950.87	3
12	0	1	65	1	8	9	59954.523	3
12	0	1	65	2	10	11	59954.523	3
12	0	1	65	3	12	13	59954.523	3
12	0	1	66	1	10	11	59954.523	3
12	0	1	67	1	2	3	60104	2
12	0	1	68	1	4	5	60127.239	2
12	0	1	69	1	0	1	60143.23	2
12	0	1	70	1	4	5	60263.583	2
12	0	1	70	2	2	3	60263.583	2
12	0	1	70	3	6	7	60263.583	2
12	0	1	71	1	6	7	60301.283	2
12	0	1	72	1	6	7	60301.283	2
12	0	1	72	2	4	5	60301.283	2
12	0	1	72	3	8	9	60301.283	2
12	0	1	73	1	2	3	60302.3	2
12	0	1	74	1	6	7	60312.317	3
12	0	1	74	2	8	9	60312.317	3
12	0	1	74	3	10	11	60312.317	3
12	0	1	75	1	8	9	60312.317	3
12	0	1	76	1	8	9	60314.902	3
12	0	1	76	2	10	11	60314.902	3
12	0	1	76	3	12	13	60314.902	3
12	0	1	77	1	10	11	60314.902	3
12	0	1	78	1	10	11	60315.722	3
12	0	1	78	2	12	13	60315.722	3
12	0	1	78	3	14	15	60315.722	3
12	0	1	79	1	12	13	60315.722	3
12	0	1	80	1	12	13	60316.041	3
12	0	1	80	2	14	15	60316.041	3
12	0	1	80	3	16	17	60316.041	3
12	0	1	81	1	14	15	60316.041	3
12	0	1	82	1	2	3	60420.87	2
12	0	1	83	1	4	5	60435.099	2
12	0	1	84	1	4	5	60535.34	2
12	0	1	84	2	2	3	60535.34	2
12	0	1	84	3	6	7	60535.34	2
12	0	1	85	1	4	5	60562.637	2
12	0	1	85	2	8	9	60562.637	2
12	0	1	85	3	6	7	60562.637	2
12	0	1	86	1	6	7	60562.637	2
12	0	1	87	1	2	3	60563.35	2
12	0	1	88	1	2	3	60650.46	2
12	0	1	89	1	4	5	60659.69	2
12	0	1	90	1	6	7	60735.38	2
12	0	1	90	2	4	5	60735.38	2
12	0	1	90	3	2	3	60735.38	2
12	0	1	91	1	4	5	60755.764	2
12	0	1	91	2	8	9	60755.764	2
12	0	1	91	3	6	7	60755.764	2
12	0	1	92	1	6	7	60755.764	2
12	0	1	93	1	2	3	60756.13	2
12	0	1	94	1	2	3	60822.17	2
12	0	1	95	1	4	5	60828.41	2
12	0	1	96	1	4	5	60886.83	2
12	0	1	96	2	2	3	60886.83	2
12	0	1	96	3	6	7	60886.83	2
12	0	1	97	1	6	7	60902.5	2
12	0	1	98	1	6	7	60902.5	2
12	0	1	98	2	4	5	60902.5	2
12	0	1	98	3	8	9	60902.5	2
12	0	1	99	1	2	3	60902.93	2
12	0	1	100	1	2	3	60953.9	2
12	0	1	101	1	4	5	60958.31	2
12	0	1	102	1	2	3	61004.33	2
12	0	1	102	2	6	7	61004.33	2
12	0	1	102	3	4	5	61004.33	2
12	0	1	103	1	6	7	61016.6	2
12	0	1	103	2	4	5	61016.6	2
12	0	1	103	3	8	9	61016.6	2
12	0	1	104	1	6	7	61016.6	2
12	0	1	105	1	2	3	61016.93	2
12	0	1	106	1	4	5	61060.5	2
12	0	1	107	1	4	5	61097.27	2
12	0	1	107	2	2	3	61097.27	2
12	0	1	107	3	6	7	61097.27	2
12	0	1	108	1	4	5	61107.05	2
12	0	1	108	2	8	9	61107.05	2
12	0	1	108	3	6	7	61107.05	2
12	0	1	109	1	6	7	61107.05	2
12	0	1	110	1	2	3	61107.34	2
12	0	1	111	1	4	5	61142.1	2
12	0	1	112	1	4	5	61179.97	2
12	0	1	112	2	8	9	61179.97	2
12	0	1	112	3	6	7	61179.97	2
12	0	1	113	1	6	7	61179.97	2
12	0	1	114	1	2	3	61180.24	2
12	0	1	115	1	4	5	61208.2	2
12	0	1	116	1	2	3	61239.83	2
12	0	1	117	1	4	5	61262.9	2
12	0	1	118	1	2	3	61289.19	2
12	0	1	119	1	4	5	61308.4	2
12	0	1	120	1	2	3	61330.55	2
12	0	1	121	1	4	5	61346.7	2
12	0	1	122	1	2	3	61365.55	2
12	0	1	123	1	4	5	61379.2	2
12	0	1	124	1	2	3	61395.43	2
12	0	1	125	1	4	5	61407	2
12	0	1	126	1	2	3	61421.14	2
12	0	1	127	1	4	5	61432	2
12	0	1	128	1	2	3	61443.41	2
12	0	1	129	1	4	5	61452	2
12	0	1	130	1	2	3	61462.82	2
12	0	1	131	1	4	5	61471	2
12	0	1	132	1	2	3	61479.87	2
12	0	1	133	1	4	5	61487	2
12	0	1	134	1	2	3	61494.9	2
12	0	1	135	1	2	3	61508.24	2
12	0	1	136	1	2	3	61520.12	2
12	0	1	137	1	2	3	61530.73	2
12	0	1	138	1	2	3	61540.26	2
12	0	1	139	1	2	3	61548.81	2
12	0	1	140	1	2	3	61556.63	2
12	0	1	141	1	2	3	61563.68	2
12	0	1	142	1	2	3	61570.11	2
12	0	1	143	1	2	3	61575.99	2
12	0	1	144	1	2	3	61581.34	2
12	0	1	145	1	2	3	61586.33	2
12	0	1	146	1	2	3	61590.82	2
12	0	1	147	1	2	3	61595.02	2
12	0	1	148	1	2	3	61598.87	2
12	0	1	149	1	2	3	61602.44	2
12	0	1	150	1	2	3	61605.74	2
12	0	1	151	1	2	3	61608.86	2
12	0	1	152	1	2	3	61611.67	2
12	0	1	153	1	2	3	61614.4	2
12	0	1	154	1	2	3	61616.88	2
12	0	1	155	1	2	3	61619.23	2
12	0	1	156	1	2	3	61621.43	2
12	0	1	157	1	2	3	61623.49	2
12	0	1	158	1	2	3	61625.45	2
12	0	1	159	1	2	3	61627.17	2
12	0	1	160	1	2	3	61628.94	2
12	0	1	161	1	2	3	61630.6	2
12	0	1	162	1	2	3	61631.99	2
12	0	1	163	1	2	3	61633.43	2
12	0	1	164	1	2	3	61634.87	2
12	0	1	165	1	2	3	61636.2	2
12	0	1	166	1	2	3	61637.27	2
12	0	1	167	1	2	3	61638.48	2