160	1.
1	0.549640208
2	0.541570719
3	0.549637301
4	0.549640208
5	0.549640208
6	0.541570719
7	0.549637301
8	0.541570719
9	0.549637301
10	0.549640208
11	0.534175104
12	0.541555556
13	0.546345813
14	0.549629828
15	0.541570719
16	0.549637301
17	0.521816664
18	0.534100863
19	0.541507113
20	0.54631252
21	0.549606272
22	0.534175104
23	0.541555556
24	0.546345813
25	0.549629828
26	0.534175104
27	0.541555556
28	0.546345813
29	0.549629828
30	0.521816664
31	0.534100863
32	0.541507113
33	0.54631252
34	0.549606272
35	0.521816664
36	0.534100863
37	0.541507113
38	0.54631252
39	0.549606272
40	0.534175104
41	0.541555556
42	0.546345813
43	0.549629828
44	0.498251253
45	0.521283983
46	0.533779477
47	0.541299581
48	0.546171278
49	0.549505723
50	0.551887356
51	0.521816664
52	0.534100863
53	0.541507113
54	0.54631252
55	0.549606272
56	0.437016750
57	0.493836173
58	0.519132600
59	0.532570372
60	0.540552351
61	0.545677353
62	0.549162175
63	0.55163861
64	0.498250761
65	0.521283637
66	0.533779477
67	0.541299581
68	0.546171278
69	0.549505723
70	0.551887356
71	0.498248364
72	0.521282689
73	0.533779022
74	0.541299581
75	0.546171278
76	0.549505723
77	0.551887356
78	0.437016585
79	0.493836519
80	0.519132873
81	0.532570463
82	0.540552451
83	0.545677472
84	0.549162175
85	0.55163861
86	0.422855842
87	0.484198485
88	0.513119723
90	0.528746722
91	0.538021352
92	0.543935220
93	0.547919717
94	0.550725144
95	0.52738615
96	0.498250332
97	0.521283281
98	0.533779477
99	0.541299581
100	0.546171278
101	0.549505723
102	0.551887356
103	0.199669346
104	0.436051873
105	0.494387216
106	0.519595587
107	0.532888559
108	0.54076874
109	0.54582946
110	0.54951499
111	0.437016868
112	0.493836893
113	0.519133083
114	0.532570654
115	0.540552615
116	0.545677609
117	0.549162175
118	0.55163861
119	0.52701672
120	0.375418359
121	0.472697238
122	0.50932356
123	0.527215502
124	0.537308013
125	0.54356305
126	0.54770795
127	0.55059548
128	0.199298332
129	0.435990380
130	0.494363159
131	0.519583732
132	0.532881815
133	0.54076874
134	0.54582946
135	0.54951499
136	0.319410620
137	0.449680482
138	0.498522637
139	0.521381370
140	0.53382233
141	0.54132161
142	0.54618276
143	0.54951499
144	0.52682872
145	0.00000000
146	0.396431540
147	0.478927388
149	0.512012460
150	0.52862064
151	0.53813527
152	0.54409122
153	0.54806544
154	0.55059548
155	0.199115541
156	0.435960354
157	0.494351522
158	0.519577845
159	0.532878799
160	0.54076874
161	0.54582946
162	0.54951499

