 S L P   CF   NI       ENERGY(RYD)
 1 0 0    1    1          0.000000       
 3 1 1    2    1          0.173051       
 1 1 1    2    2          0.336430       
 3 0 0    4    1          0.346630       
 1 0 0    4    2          0.383369       
 1 2 0    3    2          0.397093       
 3 1 1    5    1          0.408411       
 3 2 0    3    1          0.411011       
 1 1 1    5    2          0.434006       
 3 0 0    8    1          0.442821       
 1 0 0    8    2          0.454041       
 1 2 0    6    2          0.458714       
 3 2 0    6    1          0.464134       
 3 1 1    9    1          0.464205       
 3 3 1    7    1          0.467670       
 1 3 1    7    2          0.467854       
 1 1 1    9    2          0.474244       
 3 0 0   14    1          0.478527       
 1 0 0   14    2          0.483704       
 1 2 0   10    2          0.485818       
 3 2 0   10    1          0.488437       
 3 1 1   15    1          0.488659       
 3 3 1   11    1          0.490202       
 3 4 0   12    1          0.490300       
 1 4 0   12    2          0.490303       
 1 3 1   11    2          0.490339       
 1 1 1   15    2          0.493862       
 3 0 0   20    1          0.496029       
 1 0 0   20    2          0.498920       
 1 2 0   16    2          0.500066       
 3 2 0   16    1          0.501465       
 3 1 1   21    1          0.501638       
 3 3 1   17    1          0.502457       
 3 4 0   18    1          0.502522       
 3 5 1   19    1          0.502524       
 1 5 1   19    2          0.502524       
 1 4 0   18    2          0.502525       
 1 3 1   17    2          0.502549       
 1 1 1   21    2          0.504803       
 3 0 0   27    1          0.505933       
 1 0 0   27    2          0.507756       
 1 2 0   22    2          0.508441       
 3 2 0   22    1          0.509242       
 3 1 1   28    1          0.509365       
 3 3 1   23    1          0.509848       
 3 4 0   24    1          0.509892       
 3 5 1   25    1          0.509894       
 3 6 0   26    2          0.509894   ****
 1 5 1   25    2          0.509894       
 1 4 0   24    2          0.509894       
 1 3 1   23    2          0.509910       
 1 1 1   28    2          0.511528       
 3 0 0   33    1          0.512085       
 1 0 0   33    2          0.513347       
 1 2 0   29    2          0.513771       
 3 2 0   29    1          0.514251       
 3 1 1   34    1          0.514339       
 3 3 1   30    1          0.514645       
 3 4 0   31    1          0.514676       
 3 5 1   32    1          0.514677       
 1 5 1   32    2          0.514677       
 1 4 0   31    2          0.514677       
 1 3 1   30    2          0.514688       
 3 1 0   13    2          0.514838       
 1 1 1   34    2          0.516004       
 3 0 0   41    1          0.516170       
 1 0 0   41    2          0.517131       
 1 2 0   35    2          0.517373       
 3 2 0   35    1          0.517667       
 3 1 1   42    1          0.517732       
 3 3 1   36    1          0.517933       
 3 4 0   37    1          0.517955       
 3 5 1   38    1          0.517956       
 3 6 0   39    1          0.517956       
 3 7 1   40    2          0.517956   ****
 1 6 0   39    2          0.517956       
 1 5 1   38    2          0.517956       
 1 4 0   37    2          0.517957       
 1 3 1   36    2          0.517965       
 3 0 0   45    1          0.519022       
 1 2 0   43    2          0.519928       
 1 1 1   42    2          0.519962       
 1 0 0   45    2          0.519970       
 3 2 0   43    1          0.520101       
 3 3 1   44    1          0.520285       
 1 3 1   44    2          0.520308       
 1 2 0   13    1          0.604119       
 1 0 0   13    3          0.661756       
 0 0 0    0    0       -399.098904
