2J P   S L   CF   NI       ENERGY(RYD)
 0 0   1 0    1    1        0.00000000       
 0 1  -3 1    2    4        0.19924395       
 2 1  -3 1    2    2        0.19936386       
 4 1  -3 1    2    1        0.19960435       
 2 1  -1 1    2    3        0.31941062       
 2 0   3 0    4    1        0.37541836       
 0 0   1 0    4    2        0.39643154       
 4 0   1 2    3    3        0.42285584       
 0 1  -3 1    5    4        0.43594949       
 2 1  -3 1    5    2        0.43598526       
 4 1  -3 1    5    1        0.43605711       
 2 0   3 2    3    4        0.43701559       
 4 0   3 2    3    2        0.43701634       
 6 0   3 2    3    1        0.43701747       
 2 1  -1 1    5    3        0.44968048       
 2 0   3 0    8    1        0.47269724       
 0 0   1 0    8    2        0.47892739       
 4 0   1 2    6    3        0.48419848       
 2 0   3 2    6    4        0.49383622       
 4 0   3 2    6    2        0.49383636       
 6 0   3 2    6    1        0.49383657       
 0 1  -3 1    9    4        0.49434574       
 2 1  -3 1    9    2        0.49436043       
 4 1  -3 1    9    1        0.49439001       
 6 1  -1 3    7    3        0.49824836       
 4 1  -3 3    7    4        0.49825038       
 6 1  -3 3    7    2        0.49825077       
 8 1  -3 3    7    1        0.49825121       
 2 1  -1 1    9    3        0.49852264       
 2 0   3 0   14    1        0.50932360       
 0 0   1 0   14    2        0.51201246       
 4 0   1 2   10    3        0.51311972       
 2 0   3 2   10    4        0.51913268       
 4 0   3 2   10    2        0.51913275       
 6 0   3 2   10    1        0.51913286       
 0 1  -3 1   15    4        0.51957472       
 2 1  -3 1   15    2        0.51958216       
 4 1  -3 1   15    1        0.51959716       
 6 1  -1 3   11    3        0.52128269       
 4 1  -3 3   11    4        0.52128341       
 6 1  -3 3   11    2        0.52128365       
 8 1  -3 3   11    1        0.52128390       
 2 1  -1 1   15    3        0.52138137       
 6 0   3 4   12    4        0.52181659       
 8 0   1 4   12    3        0.52181663       
 8 0   3 4   12    2        0.52181667       
10 0   3 4   12    1        0.52181672       
 0 0   3 1   13    4        0.52695759       
 2 0   3 1   13    3        0.52707982       
 2 0   3 0   20    1        0.52721550       
 4 0   3 1   13    2        0.52732245       
 0 0   1 0   20    2        0.52862060       
 4 0   1 2   16    3        0.52874672       
 2 0   3 2   16    4        0.53257039       
 4 0   3 2   16    2        0.53257044       
 6 0   3 2   16    1        0.53257050       
 0 1  -3 1   21    4        0.53287664       
 2 1  -3 1   21    2        0.53288091       
 4 1  -3 1   21    1        0.53288954       
 6 1  -1 3   17    3        0.53377902       
 4 1  -3 3   17    4        0.53377930       
 6 1  -3 3   17    2        0.53377946       
 8 1  -3 3   17    1        0.53377960       
 2 1  -1 1   21    3        0.53382230       
 6 0   3 4   18    4        0.53410082       
 8 0   1 4   18    3        0.53410084       
 8 0   3 4   18    2        0.53410086       
10 0   3 4   18    1        0.53410089       
10 1  -1 5   19    3        0.53417509       
 8 1  -3 5   19    4        0.53417509       
10 1  -3 5   19    2        0.53417511       
12 1  -3 5   19    1        0.53417511       
 2 0   3 0   27    1        0.53730801       
 4 0   1 2   22    3        0.53802135       
 0 0   1 0   27    2        0.53813530       
 2 0   3 2   22    4        0.54055240       
 4 0   3 2   22    2        0.54055243       
 6 0   3 2   22    1        0.54055247       
 0 1  -3 1   28    4        0.54076332       
 2 1  -3 1   28    2        0.54076599       
 4 1  -3 1   28    1        0.54077140       
 6 1  -1 3   23    3        0.54129947       
 4 1  -3 3   23    4        0.54129949       
 6 1  -3 3   23    2        0.54129962       
 8 1  -3 3   23    1        0.54129968       
 2 1  -1 1   28    3        0.54132160       
 6 0   3 4   24    4        0.54150709       
 8 0   3 4   24    2        0.54150710       
 8 0   1 4   24    3        0.54150711       
10 0   3 4   24    1        0.54150713       
10 1  -1 5   25    3        0.54155555       
 8 1  -3 5   25    4        0.54155556       
10 1  -3 5   25    2        0.54155556       
12 1  -3 5   25    1        0.54155557       
12 0   1 6   26    3        0.54157071       
10 0   3 6   26    4        0.54157072       
12 0   3 6   26    2        0.54157072       
14 0   3 6   26    1        0.54157072       
 2 0   3 0   33    1        0.54356300       
 4 0   1 2   29    3        0.54393522       
 0 0   1 0   33    2        0.54409120       
 2 0   3 2   29    4        0.54567741       
 4 0   3 2   29    2        0.54567743       
 6 0   3 2   29    1        0.54567746       
 0 1  -3 1   34    4        0.54582590       
 2 1  -3 1   34    2        0.54582769       
 4 1  -3 1   34    1        0.54583130       
 6 1  -1 3   30    3        0.54617121       
 4 1  -3 3   30    4        0.54617122       
 6 1  -3 3   30    2        0.54617131       
 8 1  -3 3   30    1        0.54617135       
 2 1  -1 1   34    3        0.54618280       
 6 0   3 4   31    4        0.54631249       
 8 0   3 4   31    2        0.54631249       
 8 0   1 4   31    3        0.54631250       
10 0   3 4   31    1        0.54631251       
10 1  -1 5   32    3        0.54634580       
 8 1  -3 5   32    4        0.54634581       
10 1  -3 5   32    2        0.54634581       
12 1  -3 5   32    1        0.54634581       
 2 0   3 0   41    1        0.54770790       
 4 0   1 2   35    3        0.54791972       
 0 0   1 0   41    2        0.54806540       
 2 0   3 2   35    4        0.54916216       
 4 0   3 2   35    2        0.54916217       
 6 0   3 2   35    1        0.54916219       
 0 1  -3 1   42    4        0.54922591       
 2 1  -3 1   42    2        0.54922716       
 4 1  -3 1   42    1        0.54922969       
 6 1  -1 3   36    3        0.54950567       
 4 1  -3 3   36    4        0.54950568       
 6 1  -3 3   36    2        0.54950574       
 8 1  -3 3   36    1        0.54950577       
 2 1  -1 1   42    3        0.54951500       
 6 0   3 4   37    4        0.54960626       
 8 0   3 4   37    2        0.54960627       
 8 0   1 4   37    3        0.54960627       
10 0   3 4   37    1        0.54960628       
10 1  -1 5   38    3        0.54962983       
 8 1  -3 5   38    4        0.54962983       
22 1  -7 5   38    1        0.54962983   ****
22 0   3 6   39    4        0.54963730   ****
26 0   5 6   39    1        0.54963730   ****
26 1  -5 7   40    4        0.54964021   ****
30 1  -7 7   40    1        0.54964021   ****
 2 0   3 0   45    1        0.55059550       
 4 0   1 2   43    3        0.55072514       
 0 0   1 0   45    2        0.55111543       
 2 0   3 2   43    4        0.55163859       
 4 0   3 2   43    2        0.55163860       
 6 0   3 2   43    1        0.55163861       
 0 1  -3 1   46    4        0.55164460       
 2 1  -3 1   46    2        0.55164551       
 4 1  -3 1   46    1        0.55164735       
 6 1  -1 3   44    3        0.55188732       
 4 1  -3 3   44    4        0.55188733       
 6 1  -3 3   44    2        0.55188737       
 8 1  -3 3   44    1        0.55188739       
 2 1  -1 1   46    3        0.55189390       
 2 0   3 0   49    1        0.55268770       
 4 0   1 2   47    3        0.55277180       
 0 0   1 0   49    2        0.55304543       
 0 1  -3 1   50    4        0.55342705       
 2 1  -3 1   50    2        0.55342774       
 4 1  -3 1   50    1        0.55342912       
 2 0   3 2   47    4        0.55346149       
 4 0   3 2   47    2        0.55346150       
 6 0   3 2   47    1        0.55346151       
 6 1  -1 3   48    3        0.55364723       
 4 1  -3 3   48    4        0.55364724       
 6 1  -3 3   48    2        0.55364727       
 8 1  -3 3   48    1        0.55364728       
 2 1  -1 1   50    3        0.55365060       
 2 0   3 0   53    1        0.55425240       
 4 0   1 2   51    3        0.55430930       
 0 0   1 0   53    2        0.55449843       
 0 1  -3 1   54    4        0.55478037       
 2 1  -3 1   54    2        0.55478090       
 4 1  -3 1   54    1        0.55478196       
 2 0   3 2   51    4        0.55484159       
 4 0   3 2   51    2        0.55484160       
 6 0   3 2   51    1        0.55484161       
 6 1  -1 3   52    3        0.55498438       
 4 1  -3 3   52    4        0.55498438       
 6 1  -3 3   52    2        0.55498441       
 8 1  -3 3   52    1        0.55498442       
 2 1  -1 1   54    3        0.55498830       
 2 0   3 0   57    1        0.55545280       
 4 0   1 2   55    3        0.55549300       
 0 0   1 0   57    2        0.55561943       
 0 1  -3 1   58    4        0.55583060       
 2 1  -3 1   58    2        0.55583101       
 4 1  -3 1   58    1        0.55583185       
 2 0   3 2   55    4        0.55591239       
 4 0   3 2   55    2        0.55591240       
 6 0   3 2   55    1        0.55591240       
 6 1  -1 3   56    3        0.55602418       
 4 1  -3 3   56    4        0.55602419       
 6 1  -3 3   56    2        0.55602421       
 8 1  -3 3   56    1        0.55602421       
 2 1  -1 1   58    3        0.55602720       
 2 0   3 0   61    1        0.55626843       
 4 0   1 2   59    3        0.55642400       
 0 0   1 0   61    2        0.55650343       
 0 1  -3 1   62    4        0.55666176       
 2 1  -3 1   62    2        0.55666210       
 4 1  -3 1   62    1        0.55666276       
 2 0   3 2   59    4        0.55675929       
 4 0   3 2   59    2        0.55675930       
 6 0   3 2   59    1        0.55675930       
 6 1  -1 3   60    3        0.55684839       
 4 1  -3 3   60    4        0.55684839       
 6 1  -3 3   60    2        0.55684840       
 8 1  -3 3   60    1        0.55684841       
 2 1  -1 1   62    3        0.55685110       
 2 0   3 0   65    1        0.55701343       
 4 0   1 2   63    3        0.55716800       
 0 0   1 0   65    2        0.55721243       
 2 0   3 2   63    4        0.55732043       
 4 0   3 2   63    2        0.55732043       
 6 0   3 2   63    1        0.55732043       
 0 1  -3 1   66    4        0.55733189       
 2 1  -3 1   66    2        0.55733216       
 4 1  -3 1   66    1        0.55733270       
10 1  -5 3   64    4        0.55751289   ****
 6 1  -3 3   64    2        0.55751290       
 8 1  -3 3   64    1        0.55751291       
 2 1  -1 1   66    3        0.55751540       
 2 0   3 0   68    1        0.55761843       
 4 0   1 2   67    3        0.55777000       
 0 0   1 0   68    2        0.55779143       
 2 0   3 2   67    4        0.55786943       
 4 0   3 2   67    2        0.55786943       
 6 0   3 2   67    1        0.55786943       
 0 1  -3 1   69    4        0.55787999       
 2 1  -3 1   69    2        0.55788021       
 4 1  -3 1   69    1        0.55788065       
 2 1  -1 1   69    3        0.55805840       
 2 0   3 0   71    1        0.55811543       
 4 0   1 2   70    3        0.55826900       
 0 0   1 0   71    2        0.55827243       
 2 0   3 2   70    4        0.55832443       
 4 0   3 2   70    2        0.55832443       
 6 0   3 2   70    1        0.55832443       
 0 1  -3 1   72    4        0.55833306       
 2 1  -3 1   72    2        0.55833324       
 4 1  -3 1   72    1        0.55833362       
 2 1  -1 1   72    3        0.55850820       
 2 0   3 0   74    1        0.55853043       
 0 0   1 0   74    2        0.55868043       
 4 0   1 2   73    3        0.55868300       
 2 0   3 2   73    4        0.55870543       
 4 0   3 2   73    2        0.55870543       
 6 0   3 2   73    1        0.55870543       
 0 1  -3 1   75    4        0.55871212       
 2 1  -3 1   75    2        0.55871227       
 4 1  -3 1   75    1        0.55871259       
 2 0   3 0   77    1        0.55887843       
 2 1  -1 1   75    3        0.55888510       
 6 0   5 2   76    2        0.55902743   ****
 6 0   3 2   76    1        0.55902743       
 4 0   1 2   76    3        0.55903200       
 0 1  -3 1   78    4        0.55903416       
 2 1  -3 1   78    2        0.55903430       
 4 1  -3 1   78    1        0.55903456       
 0 0   1 0   77    2        0.55910843       
 2 1  -1 1   78    3        0.55920400       
 6 0   5 2   79    2        0.55930243   ****
 6 0   3 2   79    1        0.55930243       
 4 0   1 2   79    3        0.55932800       
 4 0   1 2   13    1        0.63470243       
 0 0   1 0   13    5        0.68804843       
 0 1  -3 1   81    4        0.70154105       
 2 1  -3 1   81    2        0.70166210       
 4 1  -3 1   81    1        0.70190770       
 2 1  -1 1   81    3        0.72326834       
 4 1  -3 3   80    5        0.74333787       
 6 1  -3 3   80    2        0.74353051       
 4 1  -1 2   80    7        0.74360864       
 8 1  -3 3   80    1        0.74369503       
 2 0   1 1   82    7        0.74432713       
 2 0   3 2   82    5        0.75190301       
 4 0   3 2   82    2        0.75205616       
 6 0   3 2   82    1        0.75229086       
 2 0   3 0   82    8        0.76495313       
 2 1  -3 2   80    9        0.77077243       
 4 1  -3 2   80    6        0.77081261       
 6 1  -3 2   80    4        0.77087842       
 4 1  -3 1   80    8        0.77590999       
 2 1  -3 1   80   10        0.77602662       
 0 1  -3 1   80   12        0.77608407       
 0 0   3 1   82    9        0.78249576       
 2 0   3 1   82    6        0.78257761       
 4 0   3 1   82    4        0.78273621       
 4 0   1 2   82    3        0.79660133       
 6 1  -1 3   80    3        0.80694458       
 2 1  -1 1   80   11        0.81812557       
 4 1  -1 2   83    7        0.82481268       
 0 0   1 0   82   10        0.82488879       
 4 1  -3 3   83    5        0.82626712       
 6 1  -3 3   83    2        0.82637867       
 8 1  -3 3   83    1        0.82655056       
 2 1  -3 2   83    9        0.82812845       
 4 1  -3 2   83    6        0.82817095       
 6 1  -3 2   83    4        0.82824154       
 6 0   1 3   84    7        0.82981176       
 4 0   3 3   84    9        0.82983265       
 6 0   3 3   84    6        0.82988566       
 8 0   3 3   84    4        0.82990207       
 4 1  -3 1   83    8        0.83076437       
 2 1  -3 1   83   10        0.83088108       
 0 1  -3 1   83   12        0.83093800       
 6 0   3 4   84    5        0.83375208       
 8 0   3 4   84    2        0.83381942       
10 0   3 4   84    1        0.83402283       
 8 0   1 4   84    3        0.83421073       
 6 0   3 2   84    8        0.83703148       
 4 0   3 2   84   10        0.83714541       
 2 0   3 2   84   12        0.83722885       
 4 0   1 2   84   11        0.83917893       
 6 1  -1 3   83    3        0.84701145       
 2 1  -1 1   83   11        0.86474319       
 4 0   3 3   85    4        1.09000981       
 6 0   3 3   85    3        1.09001035       
 8 0   3 3   85    2        1.09001106       
 4 0   1 2   85    5        1.10874852       
 0 0   3 1   85    8        1.11031447       
 2 0   3 1   85    7        1.11031536       
 4 0   3 1   85    6        1.11031714       
 8 0   1 4   85    1        1.11570365       
 0 0   1 0   85    9        1.16117017       
 0 0   0 0    0    0     -399.65512607
