K	Conf	Term	2S+1	L	P	2J	CF	AS(Ryd)	NIST(Ryd)	Energy
1	3s2	1S	1	0	0	0	1	0.000000	0.000000	0.000000
2	3s.3p	3P*	3	1	1	0	2	0.199244	0.199116	0.199116
3	3s.3p	3P*	3	1	1	2	2	0.199364	0.199298	0.199298
4	3s.3p	3P*	3	1	1	4	2	0.199604	0.199669	0.199669
5	3s.3p	1P*	1	1	1	2	2	0.319411	0.319411	0.319411
6	3s.4s	3S	3	0	0	2	4	0.375418	0.375418	0.375418
7	3s.4s	1S	1	0	0	0	4	0.396432	0.396432	0.396432
8	3s.3d	1D	1	2	0	4	3	0.422856	0.422856	0.422856
9	3s.4p	3P*	3	1	1	0	5	0.435949	0.435960	0.435960
10	3s.4p	3P*	3	1	1	2	5	0.435985	0.435990	0.435990
11	3s.4p	3P*	3	1	1	4	5	0.436057	0.436052	0.436052
12	3s.3d	3D	3	2	0	2	3	0.437016	0.437017	0.437017
13	3s.3d	3D	3	2	0	4	3	0.437016	0.437017	0.437017
14	3s.3d	3D	3	2	0	6	3	0.437017	0.437017	0.437017
15	3s.4p	1P*	1	1	1	2	5	0.449680	0.449680	0.449680
16	3s.5s	3S	3	0	0	2	8	0.472697	0.472697	0.472697
17	3s.5s	1S	1	0	0	0	8	0.478927	0.478927	0.478927
18	3s.4d	1D	1	2	0	4	6	0.484198	0.484198	0.484198
19	3s.4d	3D	3	2	0	2	6	0.493836	0.493837	0.493837
20	3s.4d	3D	3	2	0	4	6	0.493836	0.493837	0.493837
21	3s.4d	3D	3	2	0	6	6	0.493837	0.493836	0.493836
22	3s.5p	3P*	3	1	1	0	9	0.494346	0.494352	0.494352
23	3s.5p	3P*	3	1	1	2	9	0.494360	0.494363	0.494363
24	3s.5p	3P*	3	1	1	4	9	0.494390	0.494387	0.494387
25	3s.4f	1F*	1	3	1	6	7	0.498248	0.498248	0.498248
26	3s.4f	3F*	3	3	1	4	7	0.498250	0.498250	0.498250
27	3s.4f	3F*	3	3	1	6	7	0.498251	0.498251	0.498251
28	3s.4f	3F*	3	3	1	8	7	0.498251	0.498251	0.498251
29	3s.5p	1P*	1	1	1	2	9	0.498523	0.498523	0.498523
30	3s.6s	3S	3	0	0	2	14	0.509324	0.509324	0.509324
31	3s.6s	1S	1	0	0	0	14	0.512012	0.512012	0.512012
32	3s.5d	1D	1	2	0	4	10	0.513120	0.513120	0.513120
33	3s.5d	3D	3	2	0	2	10	0.519133	0.519133	0.519133
34	3s.5d	3D	3	2	0	4	10	0.519133	0.519133	0.519133
35	3s.5d	3D	3	2	0	6	10	0.519133	0.519133	0.519133
36	3s.6p	3P*	3	1	1	0	15	0.519575	0.519578	0.519578
37	3s.6p	3P*	3	1	1	2	15	0.519582	0.519584	0.519584
38	3s.6p	3P*	3	1	1	4	15	0.519597	0.519596	0.519596
39	3s.5f	1F*	1	3	1	6	11	0.521283	0.521283	0.521283
40	3s.5f	3F*	3	3	1	4	11	0.521283	0.521283	0.521283
41	3s.5f	3F*	3	3	1	6	11	0.521284	0.521284	0.521284
42	3s.5f	3F*	3	3	1	8	11	0.521284	0.521284	0.521284
43	3s.6p	1P*	1	1	1	2	15	0.521381	0.521381	0.521381
44	3s.5g	3G	3	4	0	6	12	0.521817	0.521817	0.521817
45	3s.5g	1G	1	4	0	8	12	0.521817	0.521817	0.521817
46	3s.5g	3G	3	4	0	8	12	0.521817	0.521817	0.521817
47	3s.5g	3G	3	4	0	10	12	0.521817	0.521817	0.521817
48	3p2	3P	3	1	0	0	13	0.526958	0.526829	0.526829
49	3p2	3P	3	1	0	2	13	0.527080	0.527017	0.527017
50	3s.7s	3S	3	0	0	2	20	0.527216	0.527215	0.527215
51	3p2	3P	3	1	0	4	13	0.527322	0.527386	0.527386
52	3s.7s	1S	1	0	0	0	20	0.528621	0.528621	0.528621
53	3s.6d	1D	1	2	0	4	16	0.528747	0.528747	0.528747
54	3s.6d	3D	3	2	0	2	16	0.532570	0.532571	0.532571
55	3s.6d	3D	3	2	0	4	16	0.532570	0.532570	0.532570
56	3s.6d	3D	3	2	0	6	16	0.532571	0.532570	0.532570
57	3s.7p	3P*	3	1	1	0	21	0.532877	0.532879	0.532879
58	3s.7p	3P*	3	1	1	2	21	0.532881	0.532882	0.532882
59	3s.7p	3P*	3	1	1	4	21	0.532890	0.532889	0.532889
60	3s.6f	1F*	1	3	1	6	17	0.533779	0.533779	0.533779
61	3s.6f	3F*	3	3	1	4	17	0.533779	0.533779	0.533779
62	3s.6f	3F*	3	3	1	6	17	0.533779	0.533779	0.533779
63	3s.6f	3F*	3	3	1	8	17	0.533780	0.533779	0.533779
64	3s.7p	1P*	1	1	1	2	21	0.533822	0.533822	0.533822
65	3s.6g	3G	3	4	0	6	18	0.534101	0.534101	0.534101
66	3s.6g	1G	1	4	0	8	18	0.534101	0.534101	0.534101
67	3s.6g	3G	3	4	0	8	18	0.534101	0.534101	0.534101
68	3s.6g	3G	3	4	0	10	18	0.534101	0.534101	0.534101
69	3s.6h	1H*	1	5	1	10	19	0.534175	0.534175	0.534175
70	3s.6h	3H*	3	5	1	8	19	0.534175	0.534175	0.534175
71	3s.6h	3H*	3	5	1	10	19	0.534175	0.534175	0.534175
72	3s.6h	3H*	3	5	1	12	19	0.534175	0.534175	0.534175
73	3s.8s	3S	3	0	0	2	27	0.537308	0.537308	0.537308
74	3s.7d	1D	1	2	0	4	22	0.538021	0.538021	0.538021
75	3s.8s	1S	1	0	0	0	27	0.538135	0.538135	0.538135
76	3s.7d	3D	3	2	0	2	22	0.540552	0.540553	0.540553
77	3s.7d	3D	3	2	0	4	22	0.540552	0.540552	0.540552
78	3s.7d	3D	3	2	0	6	22	0.540552	0.540552	0.540552
79	3s.8p	3P*	3	1	1	0	28	0.540763	0.540769	0.540769
80	3s.8p	3P*	3	1	1	2	28	0.540766	0.540769	0.540769
81	3s.8p	3P*	3	1	1	4	28	0.540771	0.540769	0.540769
82	3s.7f	1F*	1	3	1	6	23	0.541299	0.541300	0.541300
83	3s.7f	3F*	3	3	1	4	23	0.541299	0.541300	0.541300
84	3s.7f	3F*	3	3	1	6	23	0.541300	0.541300	0.541300
85	3s.7f	3F*	3	3	1	8	23	0.541300	0.541300	0.541300
86	3s.8p	1P*	1	1	1	2	28	0.541322	0.541322	0.541322
87	3s.7g	3G	3	4	0	6	24	0.541507	0.541507	0.541507
88	3s.7g	3G	3	4	0	8	24	0.541507	0.541507	0.541507
89	3s.7g	1G	1	4	0	8	24	0.541507	0.541507	0.541507
90	3s.7g	3G	3	4	0	10	24	0.541507	0.541507	0.541507
91	3s.7h	1H*	1	5	1	10	25	0.541556	0.541556	0.541556
92	3s.7h	3H*	3	5	1	8	25	0.541556	0.541556	0.541556
93	3s.7h	3H*	3	5	1	10	25	0.541556	0.541556	0.541556
94	3s.7h	3H*	3	5	1	12	25	0.541556	0.541556	0.541556
95	3s.7i	1I	1	6	0	12	26	0.541571	0.541571	0.541571
96	3s.7i	3I	3	6	0	10	26	0.541571	0.541571	0.541571
97	3s.7i	3I	3	6	0	12	26	0.541571	0.541571	0.541571
98	3s.7i	3I	3	6	0	14	26	0.541571	0.541571	0.541571
99	3s.9s	3S	3	0	0	2	33	0.543563	0.543563	0.543563
100	3s.8d	1D	1	2	0	4	29	0.543935	0.543935	0.543935
101	3s.9s	1S	1	0	0	0	33	0.544091	0.544091	0.544091
102	3s.8d	3D	3	2	0	2	29	0.545677	0.545678	0.545678
103	3s.8d	3D	3	2	0	4	29	0.545677	0.545677	0.545677
104	3s.8d	3D	3	2	0	6	29	0.545677	0.545677	0.545677
105	3s.9p	3P*	3	1	1	0	34	0.545826	0.545829	0.545829
106	3s.9p	3P*	3	1	1	2	34	0.545828	0.545829	0.545829
107	3s.9p	3P*	3	1	1	4	34	0.545831	0.545829	0.545829
108	3s.8f	1F*	1	3	1	6	30	0.546171	0.546171	0.546171
109	3s.8f	3F*	3	3	1	4	30	0.546171	0.546171	0.546171
110	3s.8f	3F*	3	3	1	6	30	0.546171	0.546171	0.546171
111	3s.8f	3F*	3	3	1	8	30	0.546171	0.546171	0.546171
112	3s.9p	1P*	1	1	1	2	34	0.546183	0.546183	0.546183
113	3s.8g	3G	3	4	0	6	31	0.546312	0.546312	0.546312
114	3s.8g	3G	3	4	0	8	31	0.546312	0.546312	0.546312
115	3s.8g	1G	1	4	0	8	31	0.546313	0.546312	0.546312
116	3s.8g	3G	3	4	0	10	31	0.546313	0.546312	0.546312
117	3s.8h	1H*	1	5	1	10	32	0.546346	0.546346	0.546346
118	3s.8h	3H*	3	5	1	8	32	0.546346	0.546346	0.546346
119	3s.8h	3H*	3	5	1	10	32	0.546346	0.546346	0.546346
120	3s.8h	3H*	3	5	1	12	32	0.546346	0.546346	0.546346
121	3s.10s	3S	3	0	0	2	41	0.547708	0.547708	0.547708
122	3s.9d	1D	1	2	0	4	35	0.547920	0.547920	0.547920
123	3s.10s	1S	1	0	0	0	41	0.548065	0.548065	0.548065
124	3s.9d	3D	3	2	0	2	35	0.549162	0.549162	0.549162
125	3s.9d	3D	3	2	0	4	35	0.549162	0.549162	0.549162
126	3s.9d	3D	3	2	0	6	35	0.549162	0.549162	0.549162
127	3s.10p	3P*	3	1	1	0	42	0.549226	-1.000000	0.549226
128	3s.10p	3P*	3	1	1	2	42	0.549227	-1.000000	0.549227
129	3s.10p	3P*	3	1	1	4	42	0.549230	-1.000000	0.549230
130	3s.9f	1F*	1	3	1	6	36	0.549506	0.549506	0.549506
131	3s.9f	3F*	3	3	1	4	36	0.549506	0.549506	0.549506
132	3s.9f	3F*	3	3	1	6	36	0.549506	0.549506	0.549506
133	3s.9f	3F*	3	3	1	8	36	0.549506	0.549506	0.549506
134	3s.10p	1P*	1	1	1	2	42	0.549515	0.549515	0.549515
135	3s.9g	3G	3	4	0	6	37	0.549606	0.549606	0.549606
136	3s.9g	3G	3	4	0	8	37	0.549606	0.549606	0.549606
137	3s.9g	1G	1	4	0	8	37	0.549606	0.549606	0.549606
138	3s.9g	3G	3	4	0	10	37	0.549606	0.549606	0.549606
139	3s.9h	1H*	1	5	1	10	38	0.549630	0.549630	0.549630
140	3s.9h	3H*	3	5	1	8	38	0.549630	0.549630	0.549630
141	3s.9h	3H*	3	5	1	10	38	0.549630	0.549630	0.549630
142	3s.9h	3H*	3	5	1	12	38	0.549630	0.549630	0.549630
143	3s.9i	1I	1	6	0	12	39	0.549637	0.549637	0.549637
144	3s.9i	3I	3	6	0	10	39	0.549637	0.549637	0.549637
145	3s.9i	3I	3	6	0	12	39	0.549637	0.549637	0.549637
146	3s.9i	3I	3	6	0	14	39	0.549637	0.549637	0.549637
147	3s.9k	1K*	1	7	1	14	40	0.549640	0.549640	0.549640
148	3s.9k	3K*	3	7	1	12	40	0.549640	0.549640	0.549640
149	3s.9k	3K*	3	7	1	14	40	0.549640	0.549640	0.549640
150	3s.9k	3K*	3	7	1	16	40	0.549640	0.549640	0.549640
151	3s.11s	3S	3	0	0	2	45	0.550595	0.550596	0.550596
152	3s.10d	1D	1	2	0	4	43	0.550725	0.550725	0.550725
153	3s.11s	1S	1	0	0	0	45	0.551115	-1.000000	0.551115
154	3s.10d	3D	3	2	0	2	43	0.551639	0.551639	0.551639
155	3s.10d	3D	3	2	0	4	43	0.551639	0.551639	0.551639
156	3s.10d	3D	3	2	0	6	43	0.551639	0.551639	0.551639
157	3s.11p	3P*	3	1	1	0	46	0.551645	-1.000000	0.551645
158	3s.11p	3P*	3	1	1	2	46	0.551646	-1.000000	0.551646
159	3s.11p	3P*	3	1	1	4	46	0.551647	-1.000000	0.551647
160	3s.10f	1F*	1	3	1	6	44	0.551887	0.551887	0.551887
161	3s.10f	3F*	3	3	1	4	44	0.551887	0.551887	0.551887
162	3s.10f	3F*	3	3	1	6	44	0.551887	0.551887	0.551887
163	3s.10f	3F*	3	3	1	8	44	0.551887	0.551887	0.551887
164	3s.11p	1P*	1	1	1	2	46	0.551894	0.551894	0.551894
165	3s.12s	3S	3	0	0	2	49	0.552688	0.552688	0.552688
166	3s.11d	1D	1	2	0	4	47	0.552772	0.552772	0.552772
167	3s.12s	1S	1	0	0	0	49	0.553045	-1.000000	0.553045
168	3s.12p	3P*	3	1	1	0	50	0.553427	-1.000000	0.553427
169	3s.12p	3P*	3	1	1	2	50	0.553428	-1.000000	0.553428
170	3s.12p	3P*	3	1	1	4	50	0.553429	-1.000000	0.553429
171	3s.11d	3D	3	2	0	2	47	0.553461	0.553461	0.553461
172	3s.11d	3D	3	2	0	4	47	0.553461	0.553461	0.553461
173	3s.11d	3D	3	2	0	6	47	0.553462	0.553461	0.553461
174	3s.11f	1F*	1	3	1	6	48	0.553647	0.553647	0.553647
175	3s.11f	3F*	3	3	1	4	48	0.553647	0.553647	0.553647
176	3s.11f	3F*	3	3	1	6	48	0.553647	0.553647	0.553647
177	3s.11f	3F*	3	3	1	8	48	0.553647	0.553647	0.553647
178	3s.12p	1P*	1	1	1	2	50	0.553651	0.553651	0.553651
179	3s.13s	3S	3	0	0	2	53	0.554252	0.554252	0.554252
180	3s.12d	1D	1	2	0	4	51	0.554309	0.554309	0.554309
181	3s.13s	1S	1	0	0	0	53	0.554498	-1.000000	0.554498
182	3s.13p	3P*	3	1	1	0	54	0.554780	-1.000000	0.554780
183	3s.13p	3P*	3	1	1	2	54	0.554781	-1.000000	0.554781
184	3s.13p	3P*	3	1	1	4	54	0.554782	-1.000000	0.554782
185	3s.12d	3D	3	2	0	2	51	0.554842	0.554842	0.554842
186	3s.12d	3D	3	2	0	4	51	0.554842	0.554842	0.554842
187	3s.12d	3D	3	2	0	6	51	0.554842	0.554842	0.554842
188	3s.12f	1F*	1	3	1	6	52	0.554984	0.554984	0.554984
189	3s.12f	3F*	3	3	1	4	52	0.554984	0.554984	0.554984
190	3s.12f	3F*	3	3	1	6	52	0.554984	0.554984	0.554984
191	3s.12f	3F*	3	3	1	8	52	0.554984	0.554984	0.554984
192	3s.13p	1P*	1	1	1	2	54	0.554988	0.554988	0.554988
193	3s.14s	3S	3	0	0	2	57	0.555453	0.555453	0.555453
194	3s.13d	1D	1	2	0	4	55	0.555493	0.555493	0.555493
195	3s.14s	1S	1	0	0	0	57	0.555619	-1.000000	0.555619
196	3s.14p	3P*	3	1	1	0	58	0.555831	-1.000000	0.555831
197	3s.14p	3P*	3	1	1	2	58	0.555831	-1.000000	0.555831
198	3s.14p	3P*	3	1	1	4	58	0.555832	-1.000000	0.555832
199	3s.13d	3D	3	2	0	2	55	0.555912	0.555912	0.555912
200	3s.13d	3D	3	2	0	4	55	0.555912	0.555912	0.555912
201	3s.13d	3D	3	2	0	6	55	0.555912	0.555912	0.555912
202	3s.13f	1F*	1	3	1	6	56	0.556024	0.556024	0.556024
203	3s.13f	3F*	3	3	1	4	56	0.556024	0.556024	0.556024
204	3s.13f	3F*	3	3	1	6	56	0.556024	0.556024	0.556024
205	3s.13f	3F*	3	3	1	8	56	0.556024	0.556024	0.556024
206	3s.14p	1P*	1	1	1	2	58	0.556027	0.556027	0.556027
207	3s.15s	3S	3	0	0	2	61	0.556268	-1.000000	0.556268
208	3s.14d	1D	1	2	0	4	59	0.556424	0.556424	0.556424
209	3s.15s	1S	1	0	0	0	61	0.556503	-1.000000	0.556503
210	3s.15p	3P*	3	1	1	0	62	0.556662	-1.000000	0.556662
211	3s.15p	3P*	3	1	1	2	62	0.556662	-1.000000	0.556662
212	3s.15p	3P*	3	1	1	4	62	0.556663	-1.000000	0.556663
213	3s.14d	3D	3	2	0	2	59	0.556759	0.556759	0.556759
214	3s.14d	3D	3	2	0	4	59	0.556759	0.556759	0.556759
215	3s.14d	3D	3	2	0	6	59	0.556759	0.556759	0.556759
216	3s.14f	1F*	1	3	1	6	60	0.556848	0.556848	0.556848
217	3s.14f	3F*	3	3	1	4	60	0.556848	0.556848	0.556848
218	3s.14f	3F*	3	3	1	6	60	0.556848	0.556848	0.556848
219	3s.14f	3F*	3	3	1	8	60	0.556848	0.556848	0.556848
220	3s.15p	1P*	1	1	1	2	62	0.556851	0.556851	0.556851
221	3s.16s	3S	3	0	0	2	65	0.557013	-1.000000	0.557013
222	3s.15d	1D	1	2	0	4	63	0.557168	0.557168	0.557168
223	3s.16s	1S	1	0	0	0	65	0.557212	-1.000000	0.557212
224	3s.15d	3D	3	2	0	2	63	0.557320	-1.000000	0.557320
225	3s.15d	3D	3	2	0	4	63	0.557320	-1.000000	0.557320
226	3s.15d	3D	3	2	0	6	63	0.557320	-1.000000	0.557320
227	3s.16p	3P*	3	1	1	0	66	0.557332	-1.000000	0.557332
228	3s.16p	3P*	3	1	1	2	66	0.557332	-1.000000	0.557332
229	3s.16p	3P*	3	1	1	4	66	0.557333	-1.000000	0.557333
230	3s.15f	1F*	1	3	1	6	64	0.557513	0.557513	0.557513
231	3s.15f	3F*	3	3	1	4	64	0.557513	0.557513	0.557513
232	3s.15f	3F*	3	3	1	6	64	0.557513	0.557513	0.557513
233	3s.15f	3F*	3	3	1	8	64	0.557513	0.557513	0.557513
234	3s.16p	1P*	1	1	1	2	66	0.557515	0.557515	0.557515
235	3s.17s	3S	3	0	0	2	68	0.557618	-1.000000	0.557618
236	3s.16d	1D	1	2	0	4	67	0.557770	0.557770	0.557770
237	3s.17s	1S	1	0	0	0	68	0.557791	-1.000000	0.557791
238	3s.16d	3D	3	2	0	2	67	0.557869	-1.000000	0.557869
239	3s.16d	3D	3	2	0	4	67	0.557869	-1.000000	0.557869
240	3s.16d	3D	3	2	0	6	67	0.557869	-1.000000	0.557869
241	3s.17p	3P*	3	1	1	0	69	0.557880	-1.000000	0.557880
242	3s.17p	3P*	3	1	1	2	69	0.557880	-1.000000	0.557880
243	3s.17p	3P*	3	1	1	4	69	0.557881	-1.000000	0.557881
244	3s.17p	1P*	1	1	1	2	69	0.558058	0.558058	0.558058
245	3s.18s	3S	3	0	0	2	71	0.558115	-1.000000	0.558115
246	3s.17d	1D	1	2	0	4	70	0.558269	0.558269	0.558269
247	3s.18s	1S	1	0	0	0	71	0.558272	-1.000000	0.558272
248	3s.17d	3D	3	2	0	2	70	0.558324	-1.000000	0.558324
249	3s.17d	3D	3	2	0	4	70	0.558324	-1.000000	0.558324
250	3s.17d	3D	3	2	0	6	70	0.558324	-1.000000	0.558324
251	3s.18p	3P*	3	1	1	0	72	0.558333	-1.000000	0.558333
252	3s.18p	3P*	3	1	1	2	72	0.558333	-1.000000	0.558333
253	3s.18p	3P*	3	1	1	4	72	0.558334	-1.000000	0.558334
254	3s.18p	1P*	1	1	1	2	72	0.558508	0.558508	0.558508
255	3s.19s	3S	3	0	0	2	74	0.558530	-1.000000	0.558530
256	3s.19s	1S	1	0	0	0	74	0.558680	-1.000000	0.558680
257	3s.18d	1D	1	2	0	4	73	0.558683	0.558683	0.558683
258	3s.18d	3D	3	2	0	2	73	0.558705	-1.000000	0.558705
259	3s.18d	3D	3	2	0	4	73	0.558705	-1.000000	0.558705
260	3s.18d	3D	3	2	0	6	73	0.558705	-1.000000	0.558705
261	3s.19p	3P*	3	1	1	0	75	0.558712	-1.000000	0.558712
262	3s.19p	3P*	3	1	1	2	75	0.558712	-1.000000	0.558712
263	3s.19p	3P*	3	1	1	4	75	0.558713	-1.000000	0.558713
264	3s.20s	3S	3	0	0	2	77	0.558878	-1.000000	0.558878
265	3s.19p	1P*	1	1	1	2	75	0.558885	0.558885	0.558885
266	3s.19d	3D	3	2	0	2	76	0.559027	-1.000000	0.559027
267	3s.19d	3D	3	2	0	4	76	0.559027	-1.000000	0.559027
268	3s.19d	3D	3	2	0	6	76	0.559027	-1.000000	0.559027
269	3s.19d	1D	1	2	0	4	76	0.559032	0.559032	0.559032
270	3s.20p	3P*	3	1	1	0	78	0.559034	-1.000000	0.559034
271	3s.20p	3P*	3	1	1	2	78	0.559034	-1.000000	0.559034
272	3s.20p	3P*	3	1	1	4	78	0.559035	-1.000000	0.559035
273	3s.20s	1S	1	0	0	0	77	0.559108	-1.000000	0.559108
274	3s.20p	1P*	1	1	1	2	78	0.559204	0.559204	0.559204
275	3s.20d	3D	3	2	0	2	79	0.559302	-1.000000	0.559302
276	3s.20d	3D	3	2	0	4	79	0.559302	-1.000000	0.559302
277	3s.20d	3D	3	2	0	6	79	0.559302	-1.000000	0.559302
278	3s.20d	1D	1	2	0	4	79	0.559328	0.559328	0.559328
279	3p2	1D	1	2	0	4	13	0.634702	-1.000000	0.634702
280	3p2	1S	1	0	0	0	13	0.688048	-1.000000	0.688048
