 S L P   CF   NI       ENERGY(RYD)
 1 0 0    1    1          0.000000       
 3 1 1    2    1          0.199484       
 1 1 1    2    2          0.319411       
 3 0 0    4    1          0.375418       
 1 0 0    4    2          0.396432       
 1 2 0    3    2          0.422856       
 3 1 1    5    1          0.436021       
 3 2 0    3    1          0.437017       
 1 1 1    5    2          0.449680       
 3 0 0    8    1          0.472697       
 1 0 0    8    2          0.478927       
 1 2 0    6    2          0.484198       
 3 2 0    6    1          0.493836       
 3 1 1    9    1          0.494375       
 1 3 1    7    2          0.498248       
 3 3 1    7    1          0.498251       
 1 1 1    9    2          0.498523       
 3 0 0   14    1          0.509324       
 1 0 0   14    2          0.512012       
 1 2 0   10    2          0.513120       
 3 2 0   10    1          0.519133       
 3 1 1   15    1          0.519590       
 1 3 1   11    2          0.521283       
 3 3 1   11    1          0.521284       
 1 1 1   15    2          0.521381       
 3 4 0   12    1          0.521817   ****
 3 1 0   13    2          0.527201       
 3 0 0   20    1          0.527216       
 1 0 0   20    2          0.528621       
 1 2 0   16    2          0.528747       
 3 2 0   16    1          0.532570       
 3 1 1   21    1          0.532885       
 1 3 1   17    2          0.533779       
 3 3 1   17    1          0.533779       
 1 1 1   21    2          0.533822       
 3 4 0   18    2          0.534101   ****
 3 5 1   19    2          0.534175   ****
 3 0 0   27    1          0.537308       
 1 2 0   22    2          0.538021       
 1 0 0   27    2          0.538135       
 3 2 0   22    1          0.540552       
 3 1 1   28    1          0.540769       
 3 3 1   23    1          0.541300   ****
 1 1 1   28    2          0.541322       
 3 4 0   24    2          0.541507   ****
 3 5 1   25    1          0.541556   ****
 3 6 0   26    2          0.541571   ****
 3 0 0   33    1          0.543563       
 1 2 0   29    2          0.543935       
 1 0 0   33    2          0.544091       
 3 2 0   29    1          0.545677       
 3 1 1   34    1          0.545829       
 3 3 1   30    2          0.546171   ****
 1 1 1   34    2          0.546183       
 3 4 0   31    1          0.546312   ****
 3 5 1   32    1          0.546346   ****
 3 0 0   41    1          0.547708       
 1 2 0   35    2          0.547920       
 1 0 0   41    2          0.548065       
 3 2 0   35    1          0.549162       
 3 1 1   42    1          0.549228       
 3 3 1   36    1          0.549506   ****
 1 1 1   42    2          0.549515       
 3 4 0   37    1          0.549606   ****
 3 5 1   38    2          0.549630   ****
 3 6 0   39    1          0.549637   ****
 3 7 1   40    2          0.549640   ****
 3 0 0   45    1          0.550596       
 1 2 0   43    2          0.550725       
 1 0 0   45    2          0.551115       
 3 2 0   43    1          0.551639       
 3 1 1   46    1          0.551646       
 3 3 1   44    1          0.551887   ****
 1 1 1   46    2          0.551894       
 3 0 0   49    1          0.552688       
 1 2 0   47    2          0.552772       
 1 0 0   49    2          0.553045       
 3 1 1   50    1          0.553428       
 3 2 0   47    1          0.553462       
 3 3 1   48    1          0.553647   ****
 1 1 1   50    2          0.553651       
 3 0 0   53    1          0.554252       
 1 2 0   51    2          0.554309       
 1 0 0   53    2          0.554498       
 3 1 1   54    1          0.554781       
 3 2 0   51    1          0.554842       
 3 3 1   52    1          0.554984   ****
 1 1 1   54    2          0.554988       
 3 0 0   57    1          0.555453       
 1 2 0   55    2          0.555493       
 1 0 0   57    2          0.555619       
 3 1 1   58    1          0.555831       
 3 2 0   55    1          0.555912       
 3 3 1   56    1          0.556024   ****
 1 1 1   58    2          0.556027       
 3 0 0   61    1          0.556268       
 1 2 0   59    2          0.556424       
 1 0 0   61    2          0.556503       
 3 1 1   62    1          0.556662       
 3 2 0   59    1          0.556759       
 3 3 1   60    1          0.556848   ****
 1 1 1   62    2          0.556851       
 3 0 0   65    1          0.557013       
 1 2 0   63    2          0.557168       
 1 0 0   65    2          0.557212       
 3 2 0   63    1          0.557320       
 3 1 1   66    1          0.557332       
 3 3 1   64    1          0.557513   ****
 1 1 1   66    2          0.557515       
 3 0 0   68    1          0.557618       
 1 2 0   67    2          0.557770       
 1 0 0   68    2          0.557791       
 3 2 0   67    1          0.557869       
 3 1 1   69    1          0.557880       
 1 1 1   69    2          0.558058       
 3 0 0   71    1          0.558115       
 1 2 0   70    2          0.558269       
 1 0 0   71    2          0.558272       
 3 2 0   70    1          0.558324       
 3 1 1   72    1          0.558333       
 1 1 1   72    2          0.558508       
 3 0 0   74    1          0.558530       
 1 0 0   74    2          0.558680       
 1 2 0   73    2          0.558683       
 3 2 0   73    1          0.558705       
 3 1 1   75    1          0.558712       
 3 0 0   77    1          0.558878       
 1 1 1   75    2          0.558885       
 3 2 0   76    1          0.559027       
 1 2 0   76    2          0.559032       
 3 1 1   78    1          0.559034       
 1 0 0   77    2          0.559108       
 1 1 1   78    2          0.559204       
 3 2 0   79    1          0.559302       
 1 2 0   79    2          0.559328       
 1 2 0   13    1          0.634702       
 1 0 0   13    3          0.688048       
 3 1 1   81    1          0.701785       
 1 1 1   81    2          0.723267       
 1 2 1   80    4          0.743539       
 3 3 1   80    1          0.743572       
 1 1 0   82    4          0.744331       
 3 2 0   82    1          0.752135       
 3 0 0   82    5          0.764953       
 3 2 1   80    3          0.770837       
 3 1 1   80    5          0.775965       
 3 1 0   82    3          0.782657       
 1 2 0   82    2          0.796600       
 1 3 1   80    2          0.806945       
 1 1 1   80    6          0.818127       
 1 2 1   83    4          0.824825       
 1 0 0   82    6          0.824888       
 3 3 1   83    1          0.826427       
 3 2 1   83    3          0.828193       
 1 3 0   84    4          0.829841       
 3 3 0   84    3          0.829878       
 3 1 1   83    5          0.830816       
 3 4 0   84    1          0.833900       
 1 4 0   84    2          0.834155       
 3 2 0   84    5          0.837108       
 1 2 0   84    6          0.839172       
 1 3 1   83    2          0.847010       
 1 1 1   83    6          0.864743       
 3 3 0   85    2          1.090011       
 1 2 0   85    3          1.108749       
 3 1 0   85    4          1.110316       
 1 4 0   85    1          1.115704       
 1 0 0   85    5          1.161170       
 0 0 0    0    0       -399.655126
