Confk	Termk	Sk	Lk	Pk	gk	Ek(Ry)	Confi	Termi	Si	Li	Pi	gi	Ei(Ry)	Aki
3s.3d	1D	1	2	0	5	0.42285584	3s.3p	1P*	1	1	1	3	0.31941062	3.195e-05
3s.3d	3D	3	2	0	15	0.43701672	3s.3p	3P*	3	1	1	9	0.19948414	2.587e-06
3s.4d	1D	1	2	0	5	0.48419848	3s.3p	1P*	1	1	1	3	0.31941062	2.024e-04
3s.4d	1D	1	2	0	5	0.48419848	3s.4p	1P*	1	1	1	3	0.44968048	3.461e-07
3s.4d	3D	3	2	0	15	0.49383643	3s.3p	3P*	3	1	1	9	0.19948414	1.569e-03
3s.4d	3D	3	2	0	15	0.49383643	3s.4p	3P*	3	1	1	9	0.43602120	2.092e-06
3s.5p	3P*	3	1	1	9	0.49437523	3s.3d	3D	3	2	0	15	0.43701672	7.469e-07
3s.4f	1F*	1	3	1	7	0.49824836	3s2	1S	1	0	0	1	0.00000000	1.858e-03
3s.4f	1F*	1	3	1	7	0.49824836	3s.4s	1S	1	0	0	1	0.39643154	4.310e-05
3s.4f	1F*	1	3	1	7	0.49824836	3s.3d	1D	1	2	0	5	0.42285584	2.827e-06
3s.4f	3F*	3	3	1	21	0.49825087	3s.4s	3S	3	0	0	3	0.37541836	5.570e-05
3s.4f	3F*	3	3	1	21	0.49825087	3s.3d	3D	3	2	0	15	0.43701672	1.638e-06
3s.5p	1P*	1	1	1	3	0.49852264	3s.3d	1D	1	2	0	5	0.42285584	6.463e-06
3s.5d	1D	1	2	0	5	0.51311972	3s.3p	1P*	1	1	1	3	0.31941062	1.681e-03
3s.5d	1D	1	2	0	5	0.51311972	3s.4p	1P*	1	1	1	3	0.44968048	4.576e-07
3s.5d	3D	3	2	0	15	0.51913279	3s.3p	3P*	3	1	1	9	0.19948414	5.004e-03
3s.5d	3D	3	2	0	15	0.51913279	3s.5p	3P*	3	1	1	9	0.49437523	1.786e-07
3s.6p	3P*	3	1	1	9	0.51958967	3s.4d	3D	3	2	0	15	0.49383643	1.312e-07
3s.5f	1F*	1	3	1	7	0.52128269	3s2	1S	1	0	0	1	0.00000000	3.261e-03
3s.5f	1F*	1	3	1	7	0.52128269	3s.4s	1S	1	0	0	1	0.39643154	1.100e-06
3s.5f	1F*	1	3	1	7	0.52128269	3s.3d	1D	1	2	0	5	0.42285584	1.263e-07
3s.5f	1F*	1	3	1	7	0.52128269	3s.5s	1S	1	0	0	1	0.47892739	2.400e-06
3s.5f	1F*	1	3	1	7	0.52128269	3s.4d	1D	1	2	0	5	0.48419848	6.341e-07
3s.5f	3F*	3	3	1	21	0.52128370	3s.4s	3S	3	0	0	3	0.37541836	2.010e-05
3s.5f	3F*	3	3	1	21	0.52128370	3s.5s	3S	3	0	0	3	0.47269724	1.951e-06
3s.5f	3F*	3	3	1	21	0.52128370	3s.4d	3D	3	2	0	15	0.49383643	2.043e-07
3s.6p	1P*	1	1	1	3	0.52138137	3s.3d	1D	1	2	0	5	0.42285584	4.082e-05
3s.6p	1P*	1	1	1	3	0.52138137	3s.4d	1D	1	2	0	5	0.48419848	2.908e-07
3s.5g	1G	1	4	0	9	0.52181666	3s.3p	1P*	1	1	1	3	0.31941062	1.613e-04
3s.5g	1G	1	4	0	9	0.52181666	3s.4p	1P*	1	1	1	3	0.44968048	3.416e-05
3s.5g	1G	1	4	0	9	0.52181666	3s.5p	1P*	1	1	1	3	0.49852264	2.212e-07
3s.5g	3G	3	4	0	27	0.52181666	3s.3p	3P*	3	1	1	9	0.19948414	1.415e-05
3s.5g	3G	3	4	0	27	0.52181666	3s.4p	3P*	3	1	1	9	0.43602120	2.690e-05
3s.5g	3G	3	4	0	27	0.52181666	3s.5p	3P*	3	1	1	9	0.49437523	4.056e-07
3s.6d	1D	1	2	0	5	0.52874672	3s.3p	1P*	1	1	1	3	0.31941062	4.784e-03
3s.6d	1D	1	2	0	5	0.52874672	3s.4p	1P*	1	1	1	3	0.44968048	1.514e-06
3s.6d	1D	1	2	0	5	0.52874672	3s.5p	1P*	1	1	1	3	0.49852264	1.143e-07
3s.6d	3D	3	2	0	15	0.53257046	3s.3p	3P*	3	1	1	9	0.19948414	9.748e-03
3s.6d	3D	3	2	0	15	0.53257046	3s.4p	3P*	3	1	1	9	0.43602120	9.720e-07
3s.6f	1F*	1	3	1	7	0.53377902	3s2	1S	1	0	0	1	0.00000000	4.341e-03
3s.6f	1F*	1	3	1	7	0.53377902	3s.4s	1S	1	0	0	1	0.39643154	9.146e-07
3s.6f	1F*	1	3	1	7	0.53377902	3s.5s	1S	1	0	0	1	0.47892739	4.735e-07
3s.6f	1F*	1	3	1	7	0.53377902	3s.4d	1D	1	2	0	5	0.48419848	1.824e-07
3s.6f	1F*	1	3	1	7	0.53377902	3s.6s	1S	1	0	0	1	0.51201246	2.581e-07
3s.6f	1F*	1	3	1	7	0.53377902	3s.5d	1D	1	2	0	5	0.51311972	1.518e-07
3s.6f	3F*	3	3	1	21	0.53377948	3s.4s	3S	3	0	0	3	0.37541836	1.265e-05
3s.6f	3F*	3	3	1	21	0.53377948	3s.3d	3D	3	2	0	15	0.43701672	1.724e-07
3s.6f	3F*	3	3	1	21	0.53377948	3s.5s	3S	3	0	0	3	0.47269724	1.260e-06
3s.6f	3F*	3	3	1	21	0.53377948	3s.6s	3S	3	0	0	3	0.50932360	1.656e-07
3s.7p	1P*	1	1	1	3	0.53382230	3s.3d	1D	1	2	0	5	0.42285584	1.176e-04
3s.7p	1P*	1	1	1	3	0.53382230	3s.4d	1D	1	2	0	5	0.48419848	1.335e-06
3s.6g	1G	1	4	0	9	0.53410086	3s.3p	3P*	3	1	1	9	0.19948414	1.048e-07
3s.6g	1G	1	4	0	9	0.53410086	3s.4p	3P*	3	1	1	9	0.43602120	1.675e-05
3s.6g	1G	1	4	0	9	0.53410086	3s.5p	3P*	3	1	1	9	0.49437523	4.793e-07
3s.6g	3G	3	4	0	27	0.53410086	3s.3p	1P*	1	1	1	3	0.31941062	2.114e-04
3s.6g	3G	3	4	0	27	0.53410086	3s.4p	1P*	1	1	1	3	0.44968048	8.403e-06
3s.6g	3G	3	4	0	27	0.53410086	3s.5p	1P*	1	1	1	3	0.49852264	1.796e-06
3s.6h	1H*	1	5	1	11	0.53417510	3s.3d	3D	3	2	0	15	0.43701672	7.958e-06
3s.6h	1H*	1	5	1	11	0.53417510	3s.4d	3D	3	2	0	15	0.49383643	4.207e-06
3s.6h	3H*	3	5	1	33	0.53417510	3s.3d	1D	1	2	0	5	0.42285584	5.089e-06
3s.6h	3H*	3	5	1	33	0.53417510	3s.4d	1D	1	2	0	5	0.48419848	8.093e-06
3s.6h	3H*	3	5	1	33	0.53417510	3s.5d	1D	1	2	0	5	0.51311972	5.262e-07
3s.7d	1D	1	2	0	5	0.53802135	3s.3p	1P*	1	1	1	3	0.31941062	9.367e-03
3s.7d	1D	1	2	0	5	0.53802135	3s.4p	1P*	1	1	1	3	0.44968048	1.201e-05
3s.7d	3D	3	2	0	15	0.54055244	3s.3p	3P*	3	1	1	9	0.19948414	1.698e-02
3s.7d	3D	3	2	0	15	0.54055244	3s.4p	3P*	3	1	1	9	0.43602120	3.195e-06
3s.8p	3P*	3	1	1	9	0.54076870	3s.3d	3D	3	2	0	15	0.43701672	2.405e-07
3s.7f	1F*	1	3	1	7	0.54129958	3s2	1S	1	0	0	1	0.00000000	6.914e-03
3s.7f	1F*	1	3	1	7	0.54129958	3s.4s	1S	1	0	0	1	0.39643154	5.603e-06
3s.7f	1F*	1	3	1	7	0.54129958	3s.3d	1D	1	2	0	5	0.42285584	5.288e-07
3s.7f	3F*	3	3	1	21	0.54129958	3s.4s	3S	3	0	0	3	0.37541836	1.412e-05
3s.7f	3F*	3	3	1	21	0.54129958	3s.3d	3D	3	2	0	15	0.43701672	3.220e-07
3s.7f	3F*	3	3	1	21	0.54129958	3s.5s	3S	3	0	0	3	0.47269724	8.191e-07
3s.7f	3F*	3	3	1	21	0.54129958	3s.6s	3S	3	0	0	3	0.50932360	1.499e-07
3s.8p	1P*	1	1	1	3	0.54132160	3s.3d	1D	1	2	0	5	0.42285584	2.484e-04
3s.8p	1P*	1	1	1	3	0.54132160	3s.4d	1D	1	2	0	5	0.48419848	3.630e-06
3s.8p	1P*	1	1	1	3	0.54132160	3s.5d	1D	1	2	0	5	0.51311972	1.156e-07
3s.7g	3G	3	4	0	27	0.54150711	3s.3p	3P*	3	1	1	9	0.19948414	1.124e-04
3s.7g	3G	3	4	0	27	0.54150711	3s.4p	3P*	3	1	1	9	0.43602120	1.112e-05
3s.7g	3G	3	4	0	27	0.54150711	3s.5p	3P*	3	1	1	9	0.49437523	7.583e-07
3s.7g	1G	1	4	0	9	0.54150711	3s.3p	1P*	1	1	1	3	0.31941062	2.667e-04
3s.7g	1G	1	4	0	9	0.54150711	3s.4p	1P*	1	1	1	3	0.44968048	2.099e-06
3s.7g	1G	1	4	0	9	0.54150711	3s.5p	1P*	1	1	1	3	0.49852264	1.214e-06
3s.7g	1G	1	4	0	9	0.54150711	3s.6p	1P*	1	1	1	3	0.52138137	1.499e-07
3s.7h	1H*	1	5	1	11	0.54155556	3s.3d	1D	1	2	0	5	0.42285584	4.341e-06
3s.7h	1H*	1	5	1	11	0.54155556	3s.4d	1D	1	2	0	5	0.48419848	5.442e-06
3s.7h	1H*	1	5	1	11	0.54155556	3s.5d	1D	1	2	0	5	0.51311972	2.176e-07
3s.7h	1H*	1	5	1	11	0.54155556	3s.6d	1D	1	2	0	5	0.52874672	1.577e-07
3s.7h	3H*	3	5	1	33	0.54155556	3s.3d	3D	3	2	0	15	0.43701672	8.118e-06
3s.7h	3H*	3	5	1	33	0.54155556	3s.4d	3D	3	2	0	15	0.49383643	2.123e-06
3s.7h	3H*	3	5	1	33	0.54155556	3s.5d	3D	3	2	0	15	0.51913279	2.154e-07
3s.7i	1I	1	6	0	13	0.54157072	3s.4f	3F*	3	3	1	21	0.49825087	1.513e-06
3s.7i	1I	1	6	0	13	0.54157072	3s.5f	3F*	3	3	1	21	0.52128370	5.674e-07
3s.7i	3I	3	6	0	39	0.54157072	3s.4f	1F*	1	3	1	7	0.49824836	1.505e-06
3s.7i	3I	3	6	0	39	0.54157072	3s.5f	1F*	1	3	1	7	0.52128269	5.659e-07
3s.8d	1D	1	2	0	5	0.54393522	3s.3p	1P*	1	1	1	3	0.31941062	1.600e-02
3s.8d	1D	1	2	0	5	0.54393522	3s.4p	1P*	1	1	1	3	0.44968048	3.475e-05
3s.8d	3D	3	2	0	15	0.54567744	3s.3p	3P*	3	1	1	9	0.19948414	2.850e-02
3s.8d	3D	3	2	0	15	0.54567744	3s.4p	3P*	3	1	1	9	0.43602120	6.993e-06
3s.9p	3P*	3	1	1	9	0.54582950	3s.3d	3D	3	2	0	15	0.43701672	4.347e-07
3s.8f	1F*	1	3	1	7	0.54617128	3s.4s	3S	3	0	0	3	0.37541836	2.379e-05
3s.8f	1F*	1	3	1	7	0.54617128	3s.3d	3D	3	2	0	15	0.43701672	5.122e-07
3s.8f	1F*	1	3	1	7	0.54617128	3s.5s	3S	3	0	0	3	0.47269724	6.566e-07
3s.8f	1F*	1	3	1	7	0.54617128	3s.6s	3S	3	0	0	3	0.50932360	1.135e-07
3s.8f	3F*	3	3	1	21	0.54617128	3s2	1S	1	0	0	1	0.00000000	1.293e-02
3s.8f	3F*	3	3	1	21	0.54617128	3s.4s	1S	1	0	0	1	0.39643154	1.626e-05
3s.8f	3F*	3	3	1	21	0.54617128	3s.3d	1D	1	2	0	5	0.42285584	1.767e-06
3s.9p	1P*	1	1	1	3	0.54618280	3s.3d	1D	1	2	0	5	0.42285584	4.535e-04
3s.9p	1P*	1	1	1	3	0.54618280	3s.4d	1D	1	2	0	5	0.48419848	7.823e-06
3s.9p	1P*	1	1	1	3	0.54618280	3s.5d	1D	1	2	0	5	0.51311972	2.442e-07
3s.8g	3G	3	4	0	27	0.54631250	3s.3p	1P*	1	1	1	3	0.31941062	4.172e-04
3s.8g	3G	3	4	0	27	0.54631250	3s.4p	1P*	1	1	1	3	0.44968048	2.218e-07
3s.8g	3G	3	4	0	27	0.54631250	3s.5p	1P*	1	1	1	3	0.49852264	6.724e-07
3s.8g	3G	3	4	0	27	0.54631250	3s.6p	1P*	1	1	1	3	0.52138137	1.614e-07
3s.8g	1G	1	4	0	9	0.54631250	3s.3p	3P*	3	1	1	9	0.19948414	7.343e-04
3s.8g	1G	1	4	0	9	0.54631250	3s.4p	3P*	3	1	1	9	0.43602120	8.814e-06
3s.8g	1G	1	4	0	9	0.54631250	3s.5p	3P*	3	1	1	9	0.49437523	7.217e-07
3s.8h	1H*	1	5	1	11	0.54634581	3s.3d	1D	1	2	0	5	0.42285584	1.622e-06
3s.8h	1H*	1	5	1	11	0.54634581	3s.4d	1D	1	2	0	5	0.48419848	3.759e-06
3s.8h	1H*	1	5	1	11	0.54634581	3s.5d	1D	1	2	0	5	0.51311972	4.489e-07
3s.8h	3H*	3	5	1	33	0.54634581	3s.3d	3D	3	2	0	15	0.43701672	5.990e-06
3s.8h	3H*	3	5	1	33	0.54634581	3s.4d	3D	3	2	0	15	0.49383643	1.121e-06
3s.8h	3H*	3	5	1	33	0.54634581	3s.5d	3D	3	2	0	15	0.51913279	2.774e-07
3s.9d	1D	1	2	0	5	0.54791972	3s.3p	1P*	1	1	1	3	0.31941062	2.594e-02
3s.9d	1D	1	2	0	5	0.54791972	3s.4p	1P*	1	1	1	3	0.44968048	7.465e-05
3s.9d	1D	1	2	0	5	0.54791972	3s.5p	1P*	1	1	1	3	0.49852264	3.766e-07
3s.9d	3D	3	2	0	15	0.54916218	3s.3p	3P*	3	1	1	9	0.19948414	4.773e-02
3s.9d	3D	3	2	0	15	0.54916218	3s.4p	3P*	3	1	1	9	0.43602120	1.357e-05
3s.10p	3P*	3	1	1	9	0.54922800	3s.3d	3D	3	2	0	15	0.43701672	5.779e-07
3s.9f	1F*	1	3	1	7	0.54950572	3s2	1S	1	0	0	1	0.00000000	2.674e-02
3s.9f	1F*	1	3	1	7	0.54950572	3s.4s	1S	1	0	0	1	0.39643154	4.158e-05
3s.9f	1F*	1	3	1	7	0.54950572	3s.3d	1D	1	2	0	5	0.42285584	4.588e-06
3s.9f	1F*	1	3	1	7	0.54950572	3s.5s	1S	1	0	0	1	0.47892739	1.612e-07
3s.9f	3F*	3	3	1	21	0.54950572	3s.4s	3S	3	0	0	3	0.37541836	4.975e-05
3s.9f	3F*	3	3	1	21	0.54950572	3s.3d	3D	3	2	0	15	0.43701672	8.495e-07
3s.9f	3F*	3	3	1	21	0.54950572	3s.5s	3S	3	0	0	3	0.47269724	6.925e-07
3s.10p	1P*	1	1	1	3	0.54951500	3s.3d	1D	1	2	0	5	0.42285584	7.692e-04
3s.10p	1P*	1	1	1	3	0.54951500	3s.4d	1D	1	2	0	5	0.48419848	1.488e-05
3s.10p	1P*	1	1	1	3	0.54951500	3s.5d	1D	1	2	0	5	0.51311972	4.748e-07
3s.9g	3G	3	4	0	27	0.54960627	3s.3p	1P*	1	1	1	3	0.31941062	7.763e-04
3s.9g	3G	3	4	0	27	0.54960627	3s.4p	1P*	1	1	1	3	0.44968048	1.997e-07
3s.9g	3G	3	4	0	27	0.54960627	3s.5p	1P*	1	1	1	3	0.49852264	3.251e-07
3s.9g	3G	3	4	0	27	0.54960627	3s.6p	1P*	1	1	1	3	0.52138137	1.198e-07
3s.9g	1G	1	4	0	9	0.54960627	3s.3p	3P*	3	1	1	9	0.19948414	2.691e-03
3s.9g	1G	1	4	0	9	0.54960627	3s.4p	3P*	3	1	1	9	0.43602120	8.702e-06
3s.9g	1G	1	4	0	9	0.54960627	3s.5p	3P*	3	1	1	9	0.49437523	6.472e-07
3s.9h	1H*	1	5	1	11	0.54962983	3s.3d	3D	3	2	0	15	0.43701672	3.361e-06
3s.9h	1H*	1	5	1	11	0.54962983	3s.4d	3D	3	2	0	15	0.49383643	6.875e-07
3s.9h	1H*	1	5	1	11	0.54962983	3s.5d	3D	3	2	0	15	0.51913279	2.361e-07
3s.9h	3H*	3	5	1	33	0.54962983	3s.4d	1D	1	2	0	5	0.48419848	3.074e-06
3s.9h	3H*	3	5	1	33	0.54962983	3s.5d	1D	1	2	0	5	0.51311972	4.769e-07
3s.9i	1I	1	6	0	13	0.54963730	3s.4f	1F*	1	3	1	7	0.49824836	1.560e-06
3s.9i	3I	3	6	0	39	0.54963730	3s.4f	3F*	3	3	1	21	0.49825087	1.566e-06
3s.9k	1K*	1	7	1	15	0.54964021	3s.5g	3G	3	4	0	27	0.52181666	4.933e-07
3s.9k	3K*	3	7	1	45	0.54964021	3s.5g	1G	1	4	0	9	0.52181666	4.932e-07
3s.11s	3S	3	0	0	3	0.55059550	3s.4f	3F*	3	3	1	21	0.49825087	1.430e-07
3s.10d	1D	1	2	0	5	0.55072514	3s.3p	1P*	1	1	1	3	0.31941062	4.171e-02
3s.10d	1D	1	2	0	5	0.55072514	3s.4p	1P*	1	1	1	3	0.44968048	1.427e-04
3s.10d	1D	1	2	0	5	0.55072514	3s.5p	1P*	1	1	1	3	0.49852264	1.250e-06
3s.10d	3D	3	2	0	15	0.55163860	3s.3p	3P*	3	1	1	9	0.19948414	8.145e-02
3s.10d	3D	3	2	0	15	0.55163860	3s.4p	3P*	3	1	1	9	0.43602120	2.545e-05
3s.10d	3D	3	2	0	15	0.55163860	3s.5p	3P*	3	1	1	9	0.49437523	2.130e-07
3s.11p	3P*	3	1	1	9	0.55164600	3s.3d	3D	3	2	0	15	0.43701672	7.040e-07
3s.10f	1F*	1	3	1	7	0.55188736	3s2	1S	1	0	0	1	0.00000000	5.861e-02
3s.10f	1F*	1	3	1	7	0.55188736	3s.4s	1S	1	0	0	1	0.39643154	1.032e-04
3s.10f	1F*	1	3	1	7	0.55188736	3s.3d	1D	1	2	0	5	0.42285584	1.082e-05
3s.10f	1F*	1	3	1	7	0.55188736	3s.5s	1S	1	0	0	1	0.47892739	6.877e-07
3s.10f	1F*	1	3	1	7	0.55188736	3s.4d	1D	1	2	0	5	0.48419848	1.159e-07
3s.10f	3F*	3	3	1	21	0.55188736	3s.4s	3S	3	0	0	3	0.37541836	1.143e-04
3s.10f	3F*	3	3	1	21	0.55188736	3s.3d	3D	3	2	0	15	0.43701672	1.514e-06
3s.10f	3F*	3	3	1	21	0.55188736	3s.5s	3S	3	0	0	3	0.47269724	9.651e-07
3s.11p	1P*	1	1	1	3	0.55189390	3s.3d	1D	1	2	0	5	0.42285584	1.259e-03
3s.11p	1P*	1	1	1	3	0.55189390	3s.4d	1D	1	2	0	5	0.48419848	2.645e-05
3s.11p	1P*	1	1	1	3	0.55189390	3s.5d	1D	1	2	0	5	0.51311972	8.746e-07
3s.12s	3S	3	0	0	3	0.55268770	3s.4f	3F*	3	3	1	21	0.49825087	4.979e-07
3s.11d	1D	1	2	0	5	0.55277180	3s.3p	1P*	1	1	1	3	0.31941062	6.829e-02
3s.11d	1D	1	2	0	5	0.55277180	3s.4p	1P*	1	1	1	3	0.44968048	2.622e-04
3s.11d	1D	1	2	0	5	0.55277180	3s.5p	1P*	1	1	1	3	0.49852264	3.083e-06
3s.12s	1S	1	0	0	1	0.55304500	3s.4f	1F*	1	3	1	7	0.49824836	3.154e-07
3s.12p	3P*	3	1	1	9	0.55342800	3s.3d	3D	3	2	0	15	0.43701672	9.188e-07
3s.11d	3D	3	2	0	15	0.55346150	3s.3p	3P*	3	1	1	9	0.19948414	1.440e-01
3s.11d	3D	3	2	0	15	0.55346150	3s.4p	3P*	3	1	1	9	0.43602120	4.810e-05
3s.11d	3D	3	2	0	15	0.55346150	3s.5p	3P*	3	1	1	9	0.49437523	4.480e-07
3s.11f	1F*	1	3	1	7	0.55364726	3s2	1S	1	0	0	1	0.00000000	1.336e-01
3s.11f	1F*	1	3	1	7	0.55364726	3s.4s	1S	1	0	0	1	0.39643154	2.552e-04
3s.11f	1F*	1	3	1	7	0.55364726	3s.3d	1D	1	2	0	5	0.42285584	2.456e-05
3s.11f	1F*	1	3	1	7	0.55364726	3s.5s	1S	1	0	0	1	0.47892739	2.148e-06
3s.11f	1F*	1	3	1	7	0.55364726	3s.4d	1D	1	2	0	5	0.48419848	3.898e-07
3s.11f	3F*	3	3	1	21	0.55364726	3s.4s	3S	3	0	0	3	0.37541836	2.740e-04
3s.11f	3F*	3	3	1	21	0.55364726	3s.3d	3D	3	2	0	15	0.43701672	2.887e-06
3s.11f	3F*	3	3	1	21	0.55364726	3s.5s	3S	3	0	0	3	0.47269724	1.698e-06
3s.12p	1P*	1	1	1	3	0.55365060	3s.3d	1D	1	2	0	5	0.42285584	2.033e-03
3s.12p	1P*	1	1	1	3	0.55365060	3s.4d	1D	1	2	0	5	0.48419848	4.545e-05
3s.12p	1P*	1	1	1	3	0.55365060	3s.5d	1D	1	2	0	5	0.51311972	1.561e-06
3s.13s	3S	3	0	0	3	0.55425240	3s.4f	3F*	3	3	1	21	0.49825087	1.870e-06
3s.13s	3S	3	0	0	3	0.55425240	3s.5f	3F*	3	3	1	21	0.52128370	1.114e-07
3s.12d	1D	1	2	0	5	0.55430930	3s.3p	1P*	1	1	1	3	0.31941062	1.164e-01
3s.12d	1D	1	2	0	5	0.55430930	3s.4p	1P*	1	1	1	3	0.44968048	4.850e-04
3s.12d	1D	1	2	0	5	0.55430930	3s.4f	1F*	1	3	1	7	0.49824836	2.268e-07
3s.12d	1D	1	2	0	5	0.55430930	3s.5p	1P*	1	1	1	3	0.49852264	6.841e-06
3s.12d	1D	1	2	0	5	0.55430930	3s.6p	1P*	1	1	1	3	0.52138137	1.427e-07
3s.13s	1S	1	0	0	1	0.55449800	3s.4f	1F*	1	3	1	7	0.49824836	1.378e-06
3s.13p	3P*	3	1	1	9	0.55478100	3s.3d	3D	3	2	0	15	0.43701672	1.503e-06
3s.12d	3D	3	2	0	15	0.55484160	3s.3p	3P*	3	1	1	9	0.19948414	2.680e-01
3s.12d	3D	3	2	0	15	0.55484160	3s.4p	3P*	3	1	1	9	0.43602120	9.417e-05
3s.12d	3D	3	2	0	15	0.55484160	3s.5p	3P*	3	1	1	9	0.49437523	9.410e-07
3s.12f	1F*	1	3	1	7	0.55498440	3s2	1S	1	0	0	1	0.00000000	3.163e-01
3s.12f	1F*	1	3	1	7	0.55498440	3s.4s	1S	1	0	0	1	0.39643154	6.403e-04
3s.12f	1F*	1	3	1	7	0.55498440	3s.3d	1D	1	2	0	5	0.42285584	5.555e-05
3s.12f	1F*	1	3	1	7	0.55498440	3s.5s	1S	1	0	0	1	0.47892739	6.120e-06
3s.12f	1F*	1	3	1	7	0.55498440	3s.4d	1D	1	2	0	5	0.48419848	1.077e-06
3s.12f	1F*	1	3	1	7	0.55498440	3s.6s	1S	1	0	0	1	0.51201246	1.229e-07
3s.12f	3F*	3	3	1	21	0.55498440	3s.4s	3S	3	0	0	3	0.37541836	6.782e-04
3s.12f	3F*	3	3	1	21	0.55498440	3s.3d	3D	3	2	0	15	0.43701672	5.863e-06
3s.12f	3F*	3	3	1	21	0.55498440	3s.5s	3S	3	0	0	3	0.47269724	3.546e-06
3s.12f	3F*	3	3	1	21	0.55498440	3s.4d	3D	3	2	0	15	0.49383643	1.004e-07
3s.12f	3F*	3	3	1	21	0.55498440	3s.6s	3S	3	0	0	3	0.50932360	1.413e-07
3s.13p	1P*	1	1	1	3	0.55498830	3s.3d	1D	1	2	0	5	0.42285584	3.302e-03
3s.13p	1P*	1	1	1	3	0.55498830	3s.4d	1D	1	2	0	5	0.48419848	7.739e-05
3s.13p	1P*	1	1	1	3	0.55498830	3s.5d	1D	1	2	0	5	0.51311972	2.753e-06
3s.13p	1P*	1	1	1	3	0.55498830	3s.6d	1D	1	2	0	5	0.52874672	1.694e-07
3s.14s	3S	3	0	0	3	0.55545280	3s.4f	3F*	3	3	1	21	0.49825087	7.993e-06
3s.14s	3S	3	0	0	3	0.55545280	3s.5f	3F*	3	3	1	21	0.52128370	4.711e-07
3s.13d	1D	1	2	0	5	0.55549300	3s.3p	1P*	1	1	1	3	0.31941062	2.111e-01
3s.13d	1D	1	2	0	5	0.55549300	3s.4p	1P*	1	1	1	3	0.44968048	9.342e-04
3s.13d	1D	1	2	0	5	0.55549300	3s.4f	1F*	1	3	1	7	0.49824836	1.358e-06
3s.13d	1D	1	2	0	5	0.55549300	3s.5p	1P*	1	1	1	3	0.49852264	1.489e-05
3s.13d	1D	1	2	0	5	0.55549300	3s.6p	1P*	1	1	1	3	0.52138137	4.145e-07
3s.14s	1S	1	0	0	1	0.55561900	3s.4f	1F*	1	3	1	7	0.49824836	7.591e-06
3s.14s	1S	1	0	0	1	0.55561900	3s.5f	1F*	1	3	1	7	0.52128269	4.268e-07
3s.14p	3P*	3	1	1	9	0.55583100	3s.3d	3D	3	2	0	15	0.43701672	3.426e-06
3s.13d	3D	3	2	0	15	0.55591240	3s.3p	3P*	3	1	1	9	0.19948414	5.362e-01
3s.13d	3D	3	2	0	15	0.55591240	3s.4p	3P*	3	1	1	9	0.43602120	1.960e-04
3s.13d	3D	3	2	0	15	0.55591240	3s.5p	3P*	3	1	1	9	0.49437523	2.063e-06
3s.13d	3D	3	2	0	15	0.55591240	3s.4f	3F*	3	3	1	21	0.49825087	4.959e-07
3s.13f	1F*	1	3	1	7	0.55602420	3s2	1S	1	0	0	1	0.00000000	7.864e-01
3s.13f	1F*	1	3	1	7	0.55602420	3s.4s	1S	1	0	0	1	0.39643154	1.663e-03
3s.13f	1F*	1	3	1	7	0.55602420	3s.3d	1D	1	2	0	5	0.42285584	1.286e-04
3s.13f	1F*	1	3	1	7	0.55602420	3s.5s	1S	1	0	0	1	0.47892739	1.721e-05
3s.13f	1F*	1	3	1	7	0.55602420	3s.4d	1D	1	2	0	5	0.48419848	2.806e-06
3s.13f	1F*	1	3	1	7	0.55602420	3s.6s	1S	1	0	0	1	0.51201246	4.392e-07
3s.13f	3F*	3	3	1	21	0.55602420	3s.4s	3S	3	0	0	3	0.37541836	1.750e-03
3s.13f	3F*	3	3	1	21	0.55602420	3s.3d	3D	3	2	0	15	0.43701672	1.271e-05
3s.13f	3F*	3	3	1	21	0.55602420	3s.5s	3S	3	0	0	3	0.47269724	8.421e-06
3s.13f	3F*	3	3	1	21	0.55602420	3s.4d	3D	3	2	0	15	0.49383643	2.124e-07
3s.13f	3F*	3	3	1	21	0.55602420	3s.6s	3S	3	0	0	3	0.50932360	2.589e-07
3s.14p	1P*	1	1	1	3	0.55602720	3s.3d	1D	1	2	0	5	0.42285584	5.467e-03
3s.14p	1P*	1	1	1	3	0.55602720	3s.4d	1D	1	2	0	5	0.48419848	1.330e-04
3s.14p	1P*	1	1	1	3	0.55602720	3s.5d	1D	1	2	0	5	0.51311972	4.883e-06
3s.14p	1P*	1	1	1	3	0.55602720	3s.6d	1D	1	2	0	5	0.52874672	3.007e-07
3s.15s	3S	3	0	0	3	0.55626800	3s.4f	3F*	3	3	1	21	0.49825087	4.354e-05
3s.15s	3S	3	0	0	3	0.55626800	3s.5f	3F*	3	3	1	21	0.52128370	2.620e-06
3s.15s	3S	3	0	0	3	0.55626800	3s.6f	3F*	3	3	1	21	0.53377948	1.807e-07
3s.14d	1D	1	2	0	5	0.55642400	3s.3p	1P*	1	1	1	3	0.31941062	4.188e-01
3s.14d	1D	1	2	0	5	0.55642400	3s.4p	1P*	1	1	1	3	0.44968048	1.940e-03
3s.14d	1D	1	2	0	5	0.55642400	3s.4f	1F*	1	3	1	7	0.49824836	1.392e-05
3s.14d	1D	1	2	0	5	0.55642400	3s.5p	1P*	1	1	1	3	0.49852264	3.375e-05
3s.14d	1D	1	2	0	5	0.55642400	3s.5f	1F*	1	3	1	7	0.52128269	8.438e-07
3s.14d	1D	1	2	0	5	0.55642400	3s.6p	1P*	1	1	1	3	0.52138137	1.120e-06
3s.15s	1S	1	0	0	1	0.55650300	3s.4f	1F*	1	3	1	7	0.49824836	6.826e-05
3s.15s	1S	1	0	0	1	0.55650300	3s.5f	1F*	1	3	1	7	0.52128269	4.136e-06
3s.15s	1S	1	0	0	1	0.55650300	3s.6f	1F*	1	3	1	7	0.53377902	2.685e-07
3s.15p	3P*	3	1	1	9	0.55666200	3s.3d	3D	3	2	0	15	0.43701672	1.081e-05
3s.15p	3P*	3	1	1	9	0.55666200	3s.4d	3D	3	2	0	15	0.49383643	1.404e-07
3s.14d	3D	3	2	0	15	0.55675930	3s.3p	3P*	3	1	1	9	0.19948414	1.186e+00
3s.14d	3D	3	2	0	15	0.55675930	3s.4p	3P*	3	1	1	9	0.43602120	4.477e-04
3s.14d	3D	3	2	0	15	0.55675930	3s.5p	3P*	3	1	1	9	0.49437523	4.910e-06
3s.14d	3D	3	2	0	15	0.55675930	3s.4f	3F*	3	3	1	21	0.49825087	9.040e-06
3s.14d	3D	3	2	0	15	0.55675930	3s.6p	3P*	3	1	1	9	0.51958967	1.478e-07
3s.14d	3D	3	2	0	15	0.55675930	3s.5f	3F*	3	3	1	21	0.52128370	5.465e-07
3s.14f	1F*	1	3	1	7	0.55684840	3s2	1S	1	0	0	1	0.00000000	2.097e+00
3s.14f	1F*	1	3	1	7	0.55684840	3s.4s	1S	1	0	0	1	0.39643154	4.591e-03
3s.14f	1F*	1	3	1	7	0.55684840	3s.3d	1D	1	2	0	5	0.42285584	3.132e-04
3s.14f	1F*	1	3	1	7	0.55684840	3s.5s	1S	1	0	0	1	0.47892739	5.021e-05
3s.14f	1F*	1	3	1	7	0.55684840	3s.4d	1D	1	2	0	5	0.48419848	7.369e-06
3s.14f	1F*	1	3	1	7	0.55684840	3s.6s	1S	1	0	0	1	0.51201246	1.461e-06
3s.14f	1F*	1	3	1	7	0.55684840	3s.5d	1D	1	2	0	5	0.51311972	2.219e-07
3s.14f	3F*	3	3	1	21	0.55684840	3s.4s	3S	3	0	0	3	0.37541836	4.811e-03
3s.14f	3F*	3	3	1	21	0.55684840	3s.3d	3D	3	2	0	15	0.43701672	2.976e-05
3s.14f	3F*	3	3	1	21	0.55684840	3s.5s	3S	3	0	0	3	0.47269724	2.239e-05
3s.14f	3F*	3	3	1	21	0.55684840	3s.4d	3D	3	2	0	15	0.49383643	4.911e-07
3s.14f	3F*	3	3	1	21	0.55684840	3s.6s	3S	3	0	0	3	0.50932360	5.878e-07
3s.15p	1P*	1	1	1	3	0.55685110	3s.3d	1D	1	2	0	5	0.42285584	9.372e-03
3s.15p	1P*	1	1	1	3	0.55685110	3s.4d	1D	1	2	0	5	0.48419848	2.350e-04
3s.15p	1P*	1	1	1	3	0.55685110	3s.5d	1D	1	2	0	5	0.51311972	8.871e-06
3s.15p	1P*	1	1	1	3	0.55685110	3s.6d	1D	1	2	0	5	0.52874672	5.514e-07
3s.16s	3S	3	0	0	3	0.55701300	3s.4f	3F*	3	3	1	21	0.49825087	4.012e-04
3s.16s	3S	3	0	0	3	0.55701300	3s.5f	3F*	3	3	1	21	0.52128370	2.524e-05
3s.16s	3S	3	0	0	3	0.55701300	3s.6f	3F*	3	3	1	21	0.53377948	1.780e-06
3s.16s	3S	3	0	0	3	0.55701300	3s.7f	3F*	3	3	1	21	0.54129958	1.627e-07
3s.15d	1D	1	2	0	5	0.55716800	3s.3p	1P*	1	1	1	3	0.31941062	9.464e-01
3s.15d	1D	1	2	0	5	0.55716800	3s.4p	1P*	1	1	1	3	0.44968048	4.544e-03
3s.15d	1D	1	2	0	5	0.55716800	3s.4f	1F*	1	3	1	7	0.49824836	5.277e-04
3s.15d	1D	1	2	0	5	0.55716800	3s.5p	1P*	1	1	1	3	0.49852264	8.426e-05
3s.15d	1D	1	2	0	5	0.55716800	3s.5f	1F*	1	3	1	7	0.52128269	3.384e-05
3s.15d	1D	1	2	0	5	0.55716800	3s.6p	1P*	1	1	1	3	0.52138137	3.144e-06
3s.15d	1D	1	2	0	5	0.55716800	3s.6f	1F*	1	3	1	7	0.53377902	2.368e-06
3s.15d	1D	1	2	0	5	0.55716800	3s.7p	1P*	1	1	1	3	0.53382230	1.725e-07
3s.15d	1D	1	2	0	5	0.55716800	3s.7f	1F*	1	3	1	7	0.54129958	2.096e-07
3s.16s	1S	1	0	0	1	0.55721200	3s.4f	1F*	1	3	1	7	0.49824836	2.016e-03
3s.16s	1S	1	0	0	1	0.55721200	3s.5f	1F*	1	3	1	7	0.52128269	1.296e-04
3s.16s	1S	1	0	0	1	0.55721200	3s.6f	1F*	1	3	1	7	0.53377902	9.094e-06
3s.16s	1S	1	0	0	1	0.55721200	3s.7f	1F*	1	3	1	7	0.54129958	8.078e-07
3s.15d	3D	3	2	0	15	0.55732000	3s.3p	3P*	3	1	1	9	0.19948414	3.019e+00
3s.15d	3D	3	2	0	15	0.55732000	3s.4p	3P*	3	1	1	9	0.43602120	1.166e-03
3s.15d	3D	3	2	0	15	0.55732000	3s.5p	3P*	3	1	1	9	0.49437523	1.314e-05
3s.15d	3D	3	2	0	15	0.55732000	3s.4f	3F*	3	3	1	21	0.49825087	7.165e-04
3s.15d	3D	3	2	0	15	0.55732000	3s.6p	3P*	3	1	1	9	0.51958967	4.096e-07
3s.15d	3D	3	2	0	15	0.55732000	3s.5f	3F*	3	3	1	21	0.52128370	4.609e-05
3s.15d	3D	3	2	0	15	0.55732000	3s.6f	3F*	3	3	1	21	0.53377948	3.295e-06
3s.15d	3D	3	2	0	15	0.55732000	3s.7f	3F*	3	3	1	21	0.54129958	2.962e-07
3s.16p	3P*	3	1	1	9	0.55733200	3s.3d	3D	3	2	0	15	0.43701672	4.375e-05
3s.16p	3P*	3	1	1	9	0.55733200	3s.4d	3D	3	2	0	15	0.49383643	6.512e-07
3s.15f	1F*	1	3	1	7	0.55751290	3s2	1S	1	0	0	1	0.00000000	6.171e+00
3s.15f	1F*	1	3	1	7	0.55751290	3s.4s	1S	1	0	0	1	0.39643154	1.388e-02
3s.15f	1F*	1	3	1	7	0.55751290	3s.3d	1D	1	2	0	5	0.42285584	8.202e-04
3s.15f	1F*	1	3	1	7	0.55751290	3s.5s	1S	1	0	0	1	0.47892739	1.582e-04
3s.15f	1F*	1	3	1	7	0.55751290	3s.4d	1D	1	2	0	5	0.48419848	2.033e-05
3s.15f	1F*	1	3	1	7	0.55751290	3s.6s	1S	1	0	0	1	0.51201246	4.996e-06
3s.15f	1F*	1	3	1	7	0.55751290	3s.5d	1D	1	2	0	5	0.51311972	6.947e-07
3s.15f	1F*	1	3	1	7	0.55751290	3s.7s	1S	1	0	0	1	0.52862060	2.689e-07
3s.15f	3F*	3	3	1	21	0.55751290	3s.4s	3S	3	0	0	3	0.37541836	1.451e-02
3s.15f	3F*	3	3	1	21	0.55751290	3s.3d	3D	3	2	0	15	0.43701672	7.615e-05
3s.15f	3F*	3	3	1	21	0.55751290	3s.5s	3S	3	0	0	3	0.47269724	6.702e-05
3s.15f	3F*	3	3	1	21	0.55751290	3s.4d	3D	3	2	0	15	0.49383643	1.255e-06
3s.15f	3F*	3	3	1	21	0.55751290	3s.6s	3S	3	0	0	3	0.50932360	1.622e-06
3s.16p	1P*	1	1	1	3	0.55751540	3s.3d	1D	1	2	0	5	0.42285584	1.692e-02
3s.16p	1P*	1	1	1	3	0.55751540	3s.4d	1D	1	2	0	5	0.48419848	4.351e-04
3s.16p	1P*	1	1	1	3	0.55751540	3s.5d	1D	1	2	0	5	0.51311972	1.683e-05
3s.16p	1P*	1	1	1	3	0.55751540	3s.6d	1D	1	2	0	5	0.52874672	1.060e-06
3s.17s	3S	3	0	0	3	0.55761800	3s.4f	3F*	3	3	1	21	0.49825087	5.816e-03
3s.17s	3S	3	0	0	3	0.55761800	3s.5f	3F*	3	3	1	21	0.52128370	3.857e-04
3s.17s	3S	3	0	0	3	0.55761800	3s.6f	3F*	3	3	1	21	0.53377948	2.871e-05
3s.17s	3S	3	0	0	3	0.55761800	3s.7f	3F*	3	3	1	21	0.54129958	2.716e-06
3s.17s	3S	3	0	0	3	0.55761800	3s.8f	1F*	1	3	1	7	0.54617128	2.977e-07
3s.16d	1D	1	2	0	5	0.55777000	3s.3p	1P*	1	1	1	3	0.31941062	2.604e+00
3s.16d	1D	1	2	0	5	0.55777000	3s.4p	1P*	1	1	1	3	0.44968048	1.286e-02
3s.16d	1D	1	2	0	5	0.55777000	3s.4f	1F*	1	3	1	7	0.49824836	1.291e-03
3s.16d	1D	1	2	0	5	0.55777000	3s.5p	1P*	1	1	1	3	0.49852264	2.502e-04
3s.16d	1D	1	2	0	5	0.55777000	3s.5f	1F*	1	3	1	7	0.52128269	8.765e-05
3s.16d	1D	1	2	0	5	0.55777000	3s.6p	1P*	1	1	1	3	0.52138137	1.013e-05
3s.16d	1D	1	2	0	5	0.55777000	3s.6f	1F*	1	3	1	7	0.53377902	6.625e-06
3s.16d	1D	1	2	0	5	0.55777000	3s.7p	1P*	1	1	1	3	0.53382230	6.417e-07
3s.16d	1D	1	2	0	5	0.55777000	3s.7f	1F*	1	3	1	7	0.54129958	6.481e-07
3s.17s	1S	1	0	0	1	0.55779100	3s.4f	1F*	1	3	1	7	0.49824836	4.794e-03
3s.17s	1S	1	0	0	1	0.55779100	3s.5f	1F*	1	3	1	7	0.52128269	3.263e-04
3s.17s	1S	1	0	0	1	0.55779100	3s.6f	1F*	1	3	1	7	0.53377902	2.474e-05
3s.17s	1S	1	0	0	1	0.55779100	3s.7f	1F*	1	3	1	7	0.54129958	2.431e-06
3s.17s	1S	1	0	0	1	0.55779100	3s.8f	3F*	3	3	1	21	0.54617128	2.846e-07
3s.16d	3D	3	2	0	15	0.55786900	3s.3p	3P*	3	1	1	9	0.19948414	9.573e+00
3s.16d	3D	3	2	0	15	0.55786900	3s.4p	3P*	3	1	1	9	0.43602120	3.780e-03
3s.16d	3D	3	2	0	15	0.55786900	3s.5p	3P*	3	1	1	9	0.49437523	4.388e-05
3s.16d	3D	3	2	0	15	0.55786900	3s.4f	3F*	3	3	1	21	0.49825087	1.055e-03
3s.16d	3D	3	2	0	15	0.55786900	3s.6p	3P*	3	1	1	9	0.51958967	1.418e-06
3s.16d	3D	3	2	0	15	0.55786900	3s.5f	3F*	3	3	1	21	0.52128370	7.186e-05
3s.16d	3D	3	2	0	15	0.55786900	3s.6f	3F*	3	3	1	21	0.53377948	5.575e-06
3s.16d	3D	3	2	0	15	0.55786900	3s.7f	3F*	3	3	1	21	0.54129958	5.619e-07
3s.17p	3P*	3	1	1	9	0.55788000	3s.3d	3D	3	2	0	15	0.43701672	2.159e-04
3s.17p	3P*	3	1	1	9	0.55788000	3s.4d	3D	3	2	0	15	0.49383643	3.432e-06
3s.17p	3P*	3	1	1	9	0.55788000	3s.5d	3D	3	2	0	15	0.51913279	1.113e-07
3s.17p	1P*	1	1	1	3	0.55805840	3s.3d	1D	1	2	0	5	0.42285584	3.284e-02
3s.17p	1P*	1	1	1	3	0.55805840	3s.4d	1D	1	2	0	5	0.48419848	8.621e-04
3s.17p	1P*	1	1	1	3	0.55805840	3s.5d	1D	1	2	0	5	0.51311972	3.408e-05
3s.17p	1P*	1	1	1	3	0.55805840	3s.6d	1D	1	2	0	5	0.52874672	2.182e-06
3s.17p	1P*	1	1	1	3	0.55805840	3s.7d	1D	1	2	0	5	0.53802135	2.004e-07
3s.18s	3S	3	0	0	3	0.55811500	3s.4f	3F*	3	3	1	21	0.49825087	3.441e-04
3s.18s	3S	3	0	0	3	0.55811500	3s.5f	3F*	3	3	1	21	0.52128370	2.421e-05
3s.18s	3S	3	0	0	3	0.55811500	3s.6f	3F*	3	3	1	21	0.53377948	1.982e-06
3s.18s	3S	3	0	0	3	0.55811500	3s.7f	3F*	3	3	1	21	0.54129958	2.185e-07
3s.17d	1D	1	2	0	5	0.55826900	3s.3p	1P*	1	1	1	3	0.31941062	9.894e+00
3s.17d	1D	1	2	0	5	0.55826900	3s.4p	1P*	1	1	1	3	0.44968048	5.000e-02
3s.17d	1D	1	2	0	5	0.55826900	3s.4f	1F*	1	3	1	7	0.49824836	7.030e-07
3s.17d	1D	1	2	0	5	0.55826900	3s.5p	1P*	1	1	1	3	0.49852264	1.010e-03
3s.17d	1D	1	2	0	5	0.55826900	3s.6p	1P*	1	1	1	3	0.52138137	4.341e-05
3s.17d	1D	1	2	0	5	0.55826900	3s.7p	1P*	1	1	1	3	0.53382230	3.022e-06
3s.17d	1D	1	2	0	5	0.55826900	3s.8p	1P*	1	1	1	3	0.54132160	2.811e-07
3s.18s	1S	1	0	0	1	0.55827200	3s.4f	1F*	1	3	1	7	0.49824836	2.511e-06
3s.18s	1S	1	0	0	1	0.55827200	3s.5f	1F*	1	3	1	7	0.52128269	1.738e-07
3s.17d	3D	3	2	0	15	0.55832400	3s.3p	3P*	3	1	1	9	0.19948414	4.347e+01
3s.17d	3D	3	2	0	15	0.55832400	3s.4p	3P*	3	1	1	9	0.43602120	1.750e-02
3s.17d	3D	3	2	0	15	0.55832400	3s.5p	3P*	3	1	1	9	0.49437523	2.083e-04
3s.17d	3D	3	2	0	15	0.55832400	3s.4f	3F*	3	3	1	21	0.49825087	7.321e-06
3s.17d	3D	3	2	0	15	0.55832400	3s.6p	3P*	3	1	1	9	0.51958967	6.949e-06
3s.17d	3D	3	2	0	15	0.55832400	3s.5f	3F*	3	3	1	21	0.52128370	5.217e-07
3s.17d	3D	3	2	0	15	0.55832400	3s.7p	3P*	3	1	1	9	0.53288523	4.256e-07
3s.18p	3P*	3	1	1	9	0.55833300	3s.3d	3D	3	2	0	15	0.43701672	1.330e-03
3s.18p	3P*	3	1	1	9	0.55833300	3s.4d	3D	3	2	0	15	0.49383643	2.189e-05
3s.18p	3P*	3	1	1	9	0.55833300	3s.5d	3D	3	2	0	15	0.51913279	7.815e-07
3s.18p	1P*	1	1	1	3	0.55850820	3s.3d	1D	1	2	0	5	0.42285584	6.965e-02
3s.18p	1P*	1	1	1	3	0.55850820	3s.4d	1D	1	2	0	5	0.48419848	1.862e-03
3s.18p	1P*	1	1	1	3	0.55850820	3s.5d	1D	1	2	0	5	0.51311972	7.505e-05
3s.18p	1P*	1	1	1	3	0.55850820	3s.6d	1D	1	2	0	5	0.52874672	4.889e-06
3s.18p	1P*	1	1	1	3	0.55850820	3s.7d	1D	1	2	0	5	0.53802135	4.516e-07
3s.19s	3S	3	0	0	3	0.55853000	3s.4f	3F*	3	3	1	21	0.49825087	4.103e-05
3s.19s	3S	3	0	0	3	0.55853000	3s.5f	3F*	3	3	1	21	0.52128370	3.031e-06
3s.19s	3S	3	0	0	3	0.55853000	3s.6f	3F*	3	3	1	21	0.53377948	2.690e-07
3s.18d	1D	1	2	0	5	0.55868300	3s.3p	1P*	1	1	1	3	0.31941062	6.929e+01
3s.18d	1D	1	2	0	5	0.55868300	3s.4p	1P*	1	1	1	3	0.44968048	3.567e-01
3s.18d	1D	1	2	0	5	0.55868300	3s.5p	1P*	1	1	1	3	0.49852264	7.422e-03
3s.18d	1D	1	2	0	5	0.55868300	3s.6p	1P*	1	1	1	3	0.52138137	3.332e-04
3s.18d	1D	1	2	0	5	0.55868300	3s.7p	1P*	1	1	1	3	0.53382230	2.474e-05
3s.18d	1D	1	2	0	5	0.55868300	3s.8p	1P*	1	1	1	3	0.54132160	2.535e-06
3s.18d	1D	1	2	0	5	0.55868300	3s.9p	1P*	1	1	1	3	0.54618280	3.188e-07
3s.18d	3D	3	2	0	15	0.55870500	3s.3p	3P*	3	1	1	9	0.19948414	3.923e+02
3s.18d	3D	3	2	0	15	0.55870500	3s.4p	3P*	3	1	1	9	0.43602120	1.606e-01
3s.18d	3D	3	2	0	15	0.55870500	3s.5p	3P*	3	1	1	9	0.49437523	1.954e-03
3s.18d	3D	3	2	0	15	0.55870500	3s.4f	3F*	3	3	1	21	0.49825087	5.466e-07
3s.18d	3D	3	2	0	15	0.55870500	3s.6p	3P*	3	1	1	9	0.51958967	6.708e-05
3s.18d	3D	3	2	0	15	0.55870500	3s.7p	3P*	3	1	1	9	0.53288523	4.261e-06
3s.18d	3D	3	2	0	15	0.55870500	3s.8p	3P*	3	1	1	9	0.54076870	3.898e-07
3s.19p	3P*	3	1	1	9	0.55871200	3s.3d	3D	3	2	0	15	0.43701672	1.156e-02
3s.19p	3P*	3	1	1	9	0.55871200	3s.4d	3D	3	2	0	15	0.49383643	1.946e-04
3s.19p	3P*	3	1	1	9	0.55871200	3s.5d	3D	3	2	0	15	0.51913279	7.288e-06
3s.19p	3P*	3	1	1	9	0.55871200	3s.6d	3D	3	2	0	15	0.53257046	4.603e-07
3s.20s	3S	3	0	0	3	0.55887800	3s.4f	3F*	3	3	1	21	0.49825087	1.033e-05
3s.20s	3S	3	0	0	3	0.55887800	3s.5f	3F*	3	3	1	21	0.52128370	7.982e-07
3s.19p	1P*	1	1	1	3	0.55888510	3s.3d	1D	1	2	0	5	0.42285584	1.499e-01
3s.19p	1P*	1	1	1	3	0.55888510	3s.4d	1D	1	2	0	5	0.48419848	4.068e-03
3s.19p	1P*	1	1	1	3	0.55888510	3s.5d	1D	1	2	0	5	0.51311972	1.671e-04
3s.19p	1P*	1	1	1	3	0.55888510	3s.6d	1D	1	2	0	5	0.52874672	1.109e-05
3s.19p	1P*	1	1	1	3	0.55888510	3s.7d	1D	1	2	0	5	0.53802135	1.040e-06
3s.19p	1P*	1	1	1	3	0.55888510	3s.8d	1D	1	2	0	5	0.54393522	1.277e-07
3s.19d	3D	3	2	0	15	0.55902700	3s.3p	3P*	3	1	1	9	0.19948414	2.016e+04
3s.19d	3D	3	2	0	15	0.55902700	3s.4p	3P*	3	1	1	9	0.43602120	8.367e+00
3s.19d	3D	3	2	0	15	0.55902700	3s.5p	3P*	3	1	1	9	0.49437523	1.038e-01
3s.19d	3D	3	2	0	15	0.55902700	3s.6p	3P*	3	1	1	9	0.51958967	3.653e-03
3s.19d	3D	3	2	0	15	0.55902700	3s.7p	3P*	3	1	1	9	0.53288523	2.397e-04
3s.19d	3D	3	2	0	15	0.55902700	3s.8p	3P*	3	1	1	9	0.54076870	2.284e-05
3s.19d	3D	3	2	0	15	0.55902700	3s.9p	3P*	3	1	1	9	0.54582950	2.784e-06
3s.19d	3D	3	2	0	15	0.55902700	3s.10p	3P*	3	1	1	9	0.54922800	4.123e-07
3s.19d	1D	1	2	0	5	0.55903200	3s.3p	1P*	1	1	1	3	0.31941062	2.204e+03
3s.19d	1D	1	2	0	5	0.55903200	3s.4p	1P*	1	1	1	3	0.44968048	1.152e+01
3s.19d	1D	1	2	0	5	0.55903200	3s.5p	1P*	1	1	1	3	0.49852264	2.452e-01
3s.19d	1D	1	2	0	5	0.55903200	3s.6p	1P*	1	1	1	3	0.52138137	1.138e-02
3s.19d	1D	1	2	0	5	0.55903200	3s.7p	1P*	1	1	1	3	0.53382230	8.839e-04
3s.19d	1D	1	2	0	5	0.55903200	3s.8p	1P*	1	1	1	3	0.54132160	9.638e-05
3s.19d	1D	1	2	0	5	0.55903200	3s.9p	1P*	1	1	1	3	0.54618280	1.321e-05
3s.19d	1D	1	2	0	5	0.55903200	3s.10p	1P*	1	1	1	3	0.54951500	2.105e-06
3s.19d	1D	1	2	0	5	0.55903200	3s.11p	1P*	1	1	1	3	0.55189390	3.690e-07
3s.20p	3P*	3	1	1	9	0.55903400	3s.3d	3D	3	2	0	15	0.43701672	1.954e-01
3s.20p	3P*	3	1	1	9	0.55903400	3s.4d	3D	3	2	0	15	0.49383643	3.346e-03
3s.20p	3P*	3	1	1	9	0.55903400	3s.5d	3D	3	2	0	15	0.51913279	1.289e-04
3s.20p	3P*	3	1	1	9	0.55903400	3s.6d	3D	3	2	0	15	0.53257046	8.552e-06
3s.20p	3P*	3	1	1	9	0.55903400	3s.7d	3D	3	2	0	15	0.54055244	8.038e-07
3s.20s	1S	1	0	0	1	0.55910800	3s.4f	1F*	1	3	1	7	0.49824836	1.334e-07
3s.20p	1P*	1	1	1	3	0.55920400	3s.3d	1D	1	2	0	5	0.42285584	2.019e+00
3s.20p	1P*	1	1	1	3	0.55920400	3s.4d	1D	1	2	0	5	0.48419848	5.556e-02
3s.20p	1P*	1	1	1	3	0.55920400	3s.5d	1D	1	2	0	5	0.51311972	2.300e-03
3s.20p	1P*	1	1	1	3	0.55920400	3s.6d	1D	1	2	0	5	0.52874672	1.518e-04
3s.20p	1P*	1	1	1	3	0.55920400	3s.7d	1D	1	2	0	5	0.53802135	1.371e-05
3s.20p	1P*	1	1	1	3	0.55920400	3s.8d	1D	1	2	0	5	0.54393522	1.535e-06
3s.20p	1P*	1	1	1	3	0.55920400	3s.9d	1D	1	2	0	5	0.54791972	1.965e-07
3s.20d	3D	3	2	0	15	0.55930200	3s.3p	3P*	3	1	1	9	0.19948414	3.670e+04
3s.20d	3D	3	2	0	15	0.55930200	3s.4p	3P*	3	1	1	9	0.43602120	1.544e+01
3s.20d	3D	3	2	0	15	0.55930200	3s.5p	3P*	3	1	1	9	0.49437523	1.953e-01
3s.20d	3D	3	2	0	15	0.55930200	3s.6p	3P*	3	1	1	9	0.51958967	7.051e-03
3s.20d	3D	3	2	0	15	0.55930200	3s.7p	3P*	3	1	1	9	0.53288523	4.782e-04
3s.20d	3D	3	2	0	15	0.55930200	3s.8p	3P*	3	1	1	9	0.54076870	4.752e-05
3s.20d	3D	3	2	0	15	0.55930200	3s.9p	3P*	3	1	1	9	0.54582950	6.105e-06
3s.20d	3D	3	2	0	15	0.55930200	3s.10p	3P*	3	1	1	9	0.54922800	9.652e-07
3s.20d	3D	3	2	0	15	0.55930200	3s.11p	3P*	3	1	1	9	0.55164600	1.734e-07
3s.20d	1D	1	2	0	5	0.55932800	3s.3p	1P*	1	1	1	3	0.31941062	5.723e+03
3s.20d	1D	1	2	0	5	0.55932800	3s.4p	1P*	1	1	1	3	0.44968048	3.034e+01
3s.20d	1D	1	2	0	5	0.55932800	3s.5p	1P*	1	1	1	3	0.49852264	6.598e-01
3s.20d	1D	1	2	0	5	0.55932800	3s.6p	1P*	1	1	1	3	0.52138137	3.151e-02
3s.20d	1D	1	2	0	5	0.55932800	3s.7p	1P*	1	1	1	3	0.53382230	2.544e-03
3s.20d	1D	1	2	0	5	0.55932800	3s.8p	1P*	1	1	1	3	0.54132160	2.914e-04
3s.20d	1D	1	2	0	5	0.55932800	3s.9p	1P*	1	1	1	3	0.54618280	4.258e-05
3s.20d	1D	1	2	0	5	0.55932800	3s.10p	1P*	1	1	1	3	0.54951500	7.364e-06
3s.20d	1D	1	2	0	5	0.55932800	3s.11p	1P*	1	1	1	3	0.55189390	1.437e-06
3s.20d	1D	1	2	0	5	0.55932800	3s.12p	1P*	1	1	1	3	0.55365060	3.043e-07
3p2	1D	1	2	0	5	0.63470200	3s.3p	1P*	1	1	1	3	0.31941062	4.420e-01
3p2	1D	1	2	0	5	0.63470200	3s.4p	1P*	1	1	1	3	0.44968048	1.499e-02
3p2	1D	1	2	0	5	0.63470200	3s.4f	1F*	1	3	1	7	0.49824836	3.999e-07
3p2	1D	1	2	0	5	0.63470200	3s.5p	1P*	1	1	1	3	0.49852264	2.712e-03
3p2	1D	1	2	0	5	0.63470200	3s.5f	1F*	1	3	1	7	0.52128269	2.838e-07
3p2	1D	1	2	0	5	0.63470200	3s.6p	1P*	1	1	1	3	0.52138137	1.133e-03
3p2	1D	1	2	0	5	0.63470200	3s.6f	1F*	1	3	1	7	0.53377902	7.495e-07
3p2	1D	1	2	0	5	0.63470200	3s.7p	1P*	1	1	1	3	0.53382230	7.397e-04
3p2	1D	1	2	0	5	0.63470200	3s.6h	3H*	3	5	1	33	0.53417510	9.609e-07
3p2	1D	1	2	0	5	0.63470200	3s.7f	1F*	1	3	1	7	0.54129958	1.710e-06
3p2	1D	1	2	0	5	0.63470200	3s.8p	1P*	1	1	1	3	0.54132160	6.234e-04
3p2	1D	1	2	0	5	0.63470200	3s.7h	1H*	1	5	1	11	0.54155556	3.368e-06
3p2	1D	1	2	0	5	0.63470200	3s.8f	3F*	3	3	1	21	0.54617128	3.514e-06
3p2	1D	1	2	0	5	0.63470200	3s.9p	1P*	1	1	1	3	0.54618280	6.145e-04
3p2	1D	1	2	0	5	0.63470200	3s.8h	1H*	1	5	1	11	0.54634581	9.052e-06
3p2	1D	1	2	0	5	0.63470200	3s.9f	1F*	1	3	1	7	0.54950572	6.815e-06
3p2	1D	1	2	0	5	0.63470200	3s.10p	1P*	1	1	1	3	0.54951500	6.727e-04
3p2	1D	1	2	0	5	0.63470200	3s.9h	3H*	3	5	1	33	0.54962983	2.156e-05
3p2	1D	1	2	0	5	0.63470200	3s.10f	1F*	1	3	1	7	0.55188736	1.293e-05
3p2	1D	1	2	0	5	0.63470200	3s.11p	1P*	1	1	1	3	0.55189390	7.964e-04
3p2	1D	1	2	0	5	0.63470200	3s.11f	1F*	1	3	1	7	0.55364726	2.462e-05
3p2	1D	1	2	0	5	0.63470200	3s.12p	1P*	1	1	1	3	0.55365060	1.005e-03
3p2	1D	1	2	0	5	0.63470200	3s.12f	1F*	1	3	1	7	0.55498440	4.809e-05
3p2	1D	1	2	0	5	0.63470200	3s.13p	1P*	1	1	1	3	0.55498830	1.345e-03
3p2	1D	1	2	0	5	0.63470200	3s.13f	1F*	1	3	1	7	0.55602420	9.835e-05
3p2	1D	1	2	0	5	0.63470200	3s.14p	1P*	1	1	1	3	0.55602720	1.906e-03
3p2	1D	1	2	0	5	0.63470200	3s.14f	1F*	1	3	1	7	0.55684840	2.153e-04
3p2	1D	1	2	0	5	0.63470200	3s.15p	1P*	1	1	1	3	0.55685110	2.880e-03
3p2	1D	1	2	0	5	0.63470200	3s.15f	1F*	1	3	1	7	0.55751290	5.146e-04
3p2	1D	1	2	0	5	0.63470200	3s.16p	1P*	1	1	1	3	0.55751540	4.684e-03
3p2	1D	1	2	0	5	0.63470200	3s.17p	1P*	1	1	1	3	0.55805840	8.329e-03
3p2	1D	1	2	0	5	0.63470200	3s.18p	1P*	1	1	1	3	0.55850820	1.641e-02
3p2	1D	1	2	0	5	0.63470200	3s.19p	1P*	1	1	1	3	0.55888510	3.320e-02
3p2	1D	1	2	0	5	0.63470200	3s.20p	1P*	1	1	1	3	0.55920400	4.119e-01
3p2	1S	1	0	0	1	0.68804800	3s.4f	1F*	1	3	1	7	0.49824836	1.734e-05
3p2	1S	1	0	0	1	0.68804800	3s.5f	1F*	1	3	1	7	0.52128269	2.008e-05
3p2	1S	1	0	0	1	0.68804800	3s.6f	1F*	1	3	1	7	0.53377902	2.623e-05
3p2	1S	1	0	0	1	0.68804800	3s.7f	1F*	1	3	1	7	0.54129958	4.158e-05
3p2	1S	1	0	0	1	0.68804800	3s.8f	3F*	3	3	1	21	0.54617128	7.408e-05
3p2	1S	1	0	0	1	0.68804800	3s.9f	1F*	1	3	1	7	0.54950572	1.417e-04
3p2	1S	1	0	0	1	0.68804800	3s.10f	1F*	1	3	1	7	0.55188736	2.847e-04
3p2	1S	1	0	0	1	0.68804800	3s.11f	1F*	1	3	1	7	0.55364726	5.967e-04
3p2	1S	1	0	0	1	0.68804800	3s.12f	1F*	1	3	1	7	0.55498440	1.310e-03
3p2	1S	1	0	0	1	0.68804800	3s.13f	1F*	1	3	1	7	0.55602420	3.051e-03
3p2	1S	1	0	0	1	0.68804800	3s.14f	1F*	1	3	1	7	0.55684840	7.693e-03
3p2	1S	1	0	0	1	0.68804800	3s.15f	1F*	1	3	1	7	0.55751290	2.158e-02
