158 1.0
1 0.54964021
2 0.54964021
3 0.54157072
4 0.54963730
5 0.54157072
6 0.54963730
7 0.53417510
8 0.54155556
9 0.54634581
10 0.54962983
11 0.53417510
12 0.54155556
13 0.54634581
14 0.54962983
15 0.52181666
16 0.53410086
17 0.54150711
18 0.54631250
19 0.54960627
21 0.52181666
22 0.53410086
23 0.54150711
24 0.54631250
25 0.54960627
30 0.49825087
31 0.52128370
32 0.53377948
33 0.54129958
34 0.54617128
35 0.54950572
36 0.55188736
37 0.55364726
38 0.55498440
39 0.55602420
40 0.55684840
41 0.55751290
45 0.49824836
46 0.52128269
47 0.53377902
48 0.54129958
49 0.54617128
50 0.54950572
51 0.55188736
52 0.55364726
53 0.55498440
54 0.55602420
55 0.55684840
56 0.55751290
59 0.43701672
60 0.49383643
61 0.51913279
62 0.53257046
63 0.54055244
64 0.54567744
65 0.54916218
66 0.55163860
67 0.55346150
68 0.55484160
69 0.55591240
70 0.55675930
71 0.55732043
72 0.55786943
73 0.55832443
74 0.55870543
75 0.55902743
76 0.55930243
81 0.42285584
82 0.48419848
83 0.51311972
84 0.63470243
85 0.52874672
86 0.53802135
87 0.54393522
88 0.54791972
89 0.55072514
90 0.55277180
91 0.55430930
92 0.55549300
93 0.55642400
94 0.55716800
95 0.55777000
96 0.55826900
97 0.55868300
98 0.55903200
99 0.55932800
105 0.52720103
108 0.19948414
109 0.43602120
110 0.49437523
111 0.51958967
112 0.53288523
113 0.54076870
114 0.54582950
115 0.54922843
116 0.55164643
117 0.55342843
118 0.55478143
119 0.55583143
120 0.55666243
121 0.55733243
122 0.55788043
123 0.55833343
124 0.55871243
125 0.55903443
130 0.31941062
131 0.44968048
132 0.49852264
133 0.52138137
134 0.53382230
135 0.54132160
136 0.54618280
137 0.54951500
138 0.55189390
139 0.55365060
140 0.55498830
141 0.55602720
142 0.55685110
143 0.55751540
144 0.55805840
145 0.55850820
146 0.55888510
147 0.55920400
151 0.37541836
152 0.47269724
153 0.50932360
154 0.52721550
155 0.53730801
156 0.54356300
157 0.54770790
158 0.55059550
159 0.55268770
160 0.55425240
161 0.55545280
162 0.55626843
163 0.55701343
164 0.55761843
165 0.55811543
166 0.55853043
167 0.55887843
169 0.00000000
170 0.39643154
171 0.47892739
172 0.68804843
173 0.51201246
174 0.52862060
175 0.53813530
176 0.54409120
177 0.54806540
178 0.55111543
179 0.55304543
180 0.55449843
181 0.55561943
182 0.55650343
183 0.55721243
184 0.55779143
185 0.55827243
186 0.55868043
187 0.55910843
