K	Conf	Term	2S+1	L	P	2J	CF	AS (Ryd)	NIST (Ryd)	Energy
1	3s2	1S	1	0	0	0	1	0.000000	0.000000	0.000000
2	3s.3p	3P*	3	1	1	0	2	0.198965	0.199116	0.199116
3	3s.3p	3P*	3	1	1	2	2	0.199146	0.199298	0.199298
4	3s.3p	3P*	3	1	1	4	2	0.199512	0.199669	0.199669
5	3s.3p	1P*	1	1	1	2	2	0.321393	0.319411	0.319411
6	3s.4s	3S	3	0	0	2	4	0.375193	0.375418	0.375418
7	3s.4s	1S	1	0	0	0	4	0.396561	0.396432	0.396432
8	3s.3d	1D	1	2	0	4	3	0.419545	0.422856	0.422856
9	3s.4p	3P*	3	1	1	0	5	0.435899	0.435960	0.435960
10	3s.4p	3P*	3	1	1	2	5	0.435930	0.435990	0.435990
11	3s.4p	3P*	3	1	1	4	5	0.435995	0.436052	0.436052
12	3s.3d	3D	3	2	0	4	3	0.436919	0.437017	0.437017
13	3s.3d	3D	3	2	0	2	3	0.436919	0.437017	0.437017
14	3s.3d	3D	3	2	0	6	3	0.436919	0.437017	0.437017
15	3s.4p	1P*	1	1	1	2	5	0.449124	0.449680	0.449680
16	3s.5s	3S	3	0	0	2	8	0.472701	0.472697	0.472697
17	3s.5s	1S	1	0	0	0	8	0.478845	0.478927	0.478927
18	3s.4d	1D	1	2	0	4	6	0.482878	0.484198	0.484198
19	3s.4d	3D	3	2	0	6	6	0.493809	0.493836	0.493836
20	3s.4d	3D	3	2	0	4	6	0.493809	0.493837	0.493837
21	3s.4d	3D	3	2	0	2	6	0.493809	0.493837	0.493837
22	3s.5p	3P*	3	1	1	0	9	0.494269	0.494352	0.494352
23	3s.5p	3P*	3	1	1	2	9	0.494280	0.494363	0.494363
24	3s.5p	3P*	3	1	1	4	9	0.494305	0.494387	0.494387
25	3s.5p	1P*	1	1	1	2	9	0.498007	0.498523	0.498523
26	3s.4f	1F*	1	3	1	6	7	0.498167	0.498248	0.498248
27	3s.4f	3F*	3	3	1	4	7	0.498174	0.498250	0.498250
28	3s.4f	3F*	3	3	1	6	7	0.498174	0.498251	0.498251
29	3s.4f	3F*	3	3	1	8	7	0.498175	0.498251	0.498251
30	3s.6s	3S	3	0	0	2	14	0.509300	0.509324	0.509324
31	3s.6s	1S	1	0	0	0	14	0.511817	0.512012	0.512012
32	3s.5d	1D	1	2	0	4	10	0.512475	0.513120	0.513120
33	3s.5d	3D	3	2	0	6	10	0.519096	0.519133	0.519133
34	3s.5d	3D	3	2	0	4	10	0.519097	0.519133	0.519133
35	3s.5d	3D	3	2	0	2	10	0.519097	0.519133	0.519133
36	3s.6p	3P*	3	1	1	0	15	0.519472	0.519578	0.519578
37	3s.6p	3P*	3	1	1	2	15	0.519478	0.519584	0.519584
38	3s.6p	3P*	3	1	1	4	15	0.519490	0.519596	0.519596
39	3s.6p	1P*	1	1	1	2	15	0.521030	0.521381	0.521381
40	3s.5f	1F*	1	3	1	6	11	0.521226	0.521283	0.521283
41	3s.5f	3F*	3	3	1	4	11	0.521229	0.521283	0.521283
42	3s.5f	3F*	3	3	1	6	11	0.521229	0.521284	0.521284
43	3s.5f	3F*	3	3	1	8	11	0.521230	0.521284	0.521284
44	3s.5g	1G	1	4	0	8	12	0.521791	0.521817	0.521817
45	3s.5g	3G	3	4	0	6	12	0.521791	0.521817	0.521817
46	3s.5g	3G	3	4	0	10	12	0.521791	0.521817	0.521817
47	3s.5g	3G	3	4	0	8	12	0.521791	0.521817	0.521817
48	3p2	3P	3	1	0	0	13	0.526291	0.526829	0.526829
49	3p2	3P	3	1	0	2	13	0.526476	0.527017	0.527017
50	3s.10p	3P*	3	1	1	0	42	0.526547	-1.000000	0.526547
51	3s.10p	3P*	3	1	1	2	42	0.526548	-1.000000	0.526548
52	3s.10p	3P*	3	1	1	4	42	0.526551	-1.000000	0.526551
53	3p2	3P	3	1	0	4	13	0.526840	0.527386	0.527386
54	3s.7s	3S	3	0	0	2	20	0.527181	0.527215	0.527215
55	3s.7s	1S	1	0	0	0	20	0.527592	0.528621	0.528621
56	3s.6d	1D	1	2	0	4	16	0.528292	0.528747	0.528747
57	3s.11s	1S	1	0	0	0	45	0.528775	-1.000000	0.528775
58	3s.11p	3P*	3	1	1	0	46	0.528959	-1.000000	0.528959
59	3s.11p	3P*	3	1	1	2	46	0.528960	-1.000000	0.528960
60	3s.11p	3P*	3	1	1	4	46	0.528962	-1.000000	0.528962
61	3s.12s	1S	1	0	0	0	49	0.530398	-1.000000	0.530398
62	3s.12p	3P*	3	1	1	0	50	0.530734	-1.000000	0.530734
63	3s.12p	3P*	3	1	1	2	50	0.530735	-1.000000	0.530735
64	3s.12p	3P*	3	1	1	4	50	0.530736	-1.000000	0.530736
65	3s.13s	1S	1	0	0	0	53	0.531797	-1.000000	0.531797
66	3s.13p	3P*	3	1	1	0	54	0.532060	-1.000000	0.532060
67	3s.13p	3P*	3	1	1	2	54	0.532061	-1.000000	0.532061
68	3s.13p	3P*	3	1	1	4	54	0.532062	-1.000000	0.532062
69	3s.6d	3D	3	2	0	6	16	0.532494	0.532570	0.532570
70	3s.6d	3D	3	2	0	4	16	0.532494	0.532570	0.532570
71	3s.6d	3D	3	2	0	2	16	0.532494	0.532571	0.532571
72	3s.7p	3P*	3	1	1	0	21	0.532858	0.532879	0.532879
73	3s.7p	3P*	3	1	1	2	21	0.532860	0.532882	0.532882
74	3s.7p	3P*	3	1	1	4	21	0.532865	0.532889	0.532889
75	3s.14s	1S	1	0	0	0	57	0.532901	-1.000000	0.532901
76	3s.14p	3P*	3	1	1	0	58	0.533270	-1.000000	0.533270
77	3s.14p	3P*	3	1	1	2	58	0.533271	-1.000000	0.533271
78	3s.14p	3P*	3	1	1	4	58	0.533274	-1.000000	0.533274
79	3s.7p	1P*	1	1	1	2	21	0.533580	0.533822	0.533822
80	3s.15s	3S	3	0	0	2	61	0.533594	-1.000000	0.533594
81	3s.6f	1F*	1	3	1	6	17	0.533738	0.533779	0.533779
82	3s.6f	3F*	3	3	1	4	17	0.533740	0.533779	0.533779
83	3s.6f	3F*	3	3	1	6	17	0.533740	0.533779	0.533779
84	3s.6f	3F*	3	3	1	8	17	0.533740	0.533779	0.533779
85	3s.15s	1S	1	0	0	0	61	0.533776	-1.000000	0.533776
86	3s.15p	3P*	3	1	1	0	62	0.534023	-1.000000	0.534023
87	3s.15p	3P*	3	1	1	2	62	0.534024	-1.000000	0.534024
88	3s.15p	3P*	3	1	1	4	62	0.534024	-1.000000	0.534024
89	3s.6g	1G	1	4	0	8	18	0.534079	0.534101	0.534101
90	3s.6g	3G	3	4	0	6	18	0.534079	0.534101	0.534101
91	3s.6g	3G	3	4	0	10	18	0.534079	0.534101	0.534101
92	3s.6g	3G	3	4	0	8	18	0.534079	0.534101	0.534101
93	3s.6h	1H*	1	5	1	10	19	0.534157	0.534175	0.534175
94	3s.6h	3H*	3	5	1	8	19	0.534157	0.534175	0.534175
95	3s.6h	3H*	3	5	1	12	19	0.534157	0.534175	0.534175
96	3s.6h	3H*	3	5	1	10	19	0.534157	0.534175	0.534175
97	3s.16s	3S	3	0	0	2	65	0.534342	-1.000000	0.534342
98	3s.16s	1S	1	0	0	0	65	0.534479	-1.000000	0.534479
99	3s.15d	3D	3	2	0	2	63	0.534661	-1.000000	0.534661
100	3s.15d	3D	3	2	0	4	63	0.534661	-1.000000	0.534661
101	3s.15d	3D	3	2	0	6	63	0.534661	-1.000000	0.534661
102	3s.16p	3P*	3	1	1	0	66	0.534680	-1.000000	0.534680
103	3s.16p	3P*	3	1	1	2	66	0.534680	-1.000000	0.534680
104	3s.16p	3P*	3	1	1	4	66	0.534681	-1.000000	0.534681
105	3s.17s	3S	3	0	0	2	68	0.534947	-1.000000	0.534947
106	3s.17s	1S	1	0	0	0	68	0.535053	-1.000000	0.535053
107	3s.16d	3D	3	2	0	2	67	0.535208	-1.000000	0.535208
108	3s.16d	3D	3	2	0	4	67	0.535208	-1.000000	0.535208
109	3s.16d	3D	3	2	0	6	67	0.535208	-1.000000	0.535208
110	3s.17p	3P*	3	1	1	0	69	0.535223	-1.000000	0.535223
111	3s.17p	3P*	3	1	1	2	69	0.535223	-1.000000	0.535223
112	3s.17p	3P*	3	1	1	4	69	0.535223	-1.000000	0.535223
113	3s.18s	3S	3	0	0	2	71	0.535445	-1.000000	0.535445
114	3s.18s	1S	1	0	0	0	71	0.535526	-1.000000	0.535526
115	3s.17d	3D	3	2	0	2	70	0.535661	-1.000000	0.535661
116	3s.17d	3D	3	2	0	4	70	0.535661	-1.000000	0.535661
117	3s.17d	3D	3	2	0	6	70	0.535661	-1.000000	0.535661
118	3s.18p	3P*	3	1	1	0	72	0.535673	-1.000000	0.535673
119	3s.18p	3P*	3	1	1	2	72	0.535674	-1.000000	0.535674
120	3s.18p	3P*	3	1	1	4	72	0.535674	-1.000000	0.535674
121	3s.19s	3S	3	0	0	2	74	0.535860	-1.000000	0.535860
122	3s.19s	1S	1	0	0	0	74	0.535921	-1.000000	0.535921
123	3s.18d	3D	3	2	0	2	73	0.536041	-1.000000	0.536041
124	3s.18d	3D	3	2	0	4	73	0.536041	-1.000000	0.536041
125	3s.18d	3D	3	2	0	6	73	0.536041	-1.000000	0.536041
126	3s.19p	3P*	3	1	1	0	75	0.536052	-1.000000	0.536052
127	3s.19p	3P*	3	1	1	2	75	0.536052	-1.000000	0.536052
128	3s.19p	3P*	3	1	1	4	75	0.536052	-1.000000	0.536052
129	3s.20s	3S	3	0	0	2	77	0.536209	-1.000000	0.536209
130	3s.20s	1S	1	0	0	0	77	0.536254	-1.000000	0.536254
131	3s.19d	3D	3	2	0	2	76	0.536363	-1.000000	0.536363
132	3s.19d	3D	3	2	0	4	76	0.536363	-1.000000	0.536363
133	3s.19d	3D	3	2	0	6	76	0.536363	-1.000000	0.536363
134	3s.20p	3P*	3	1	1	0	78	0.536372	-1.000000	0.536372
135	3s.20p	3P*	3	1	1	2	78	0.536372	-1.000000	0.536372
136	3s.20p	3P*	3	1	1	4	78	0.536372	-1.000000	0.536372
137	3s.20d	3D	3	2	0	2	79	0.536638	-1.000000	0.536638
138	3s.20d	3D	3	2	0	4	79	0.536638	-1.000000	0.536638
139	3s.20d	3D	3	2	0	6	79	0.536638	-1.000000	0.536638
140	3s.8s	3S	3	0	0	2	27	0.537329	0.537308	0.537308
141	3s.7d	1D	1	2	0	4	22	0.537710	0.538021	0.538021
142	3s.8s	1S	1	0	0	0	27	0.538640	0.538135	0.538135
143	3s.7d	3D	3	2	0	6	22	0.540556	0.540552	0.540552
144	3s.7d	3D	3	2	0	4	22	0.540556	0.540552	0.540552
145	3s.7d	3D	3	2	0	2	22	0.540556	0.540553	0.540553
146	3s.8p	3P*	3	1	1	2	28	0.540802	0.540769	0.540769
147	3s.8p	3P*	3	1	1	0	28	0.540802	0.540769	0.540769
148	3s.8p	3P*	3	1	1	4	28	0.540802	0.540769	0.540769
149	3s.8p	1P*	1	1	1	2	28	0.541145	0.541322	0.541322
150	3s.7f	1F*	1	3	1	6	23	0.541267	0.541300	0.541300
151	3s.7f	3F*	3	3	1	4	23	0.541268	0.541300	0.541300
152	3s.7f	3F*	3	3	1	6	23	0.541268	0.541300	0.541300
153	3s.7f	3F*	3	3	1	8	23	0.541268	0.541300	0.541300
154	3s.7g	1G	1	4	0	8	24	0.541487	0.541507	0.541507
155	3s.7g	3G	3	4	0	6	24	0.541487	0.541507	0.541507
156	3s.7g	3G	3	4	0	8	24	0.541487	0.541507	0.541507
157	3s.7g	3G	3	4	0	10	24	0.541487	0.541507	0.541507
158	3s.7h	1H*	1	5	1	10	25	0.541538	0.541556	0.541556
159	3s.7h	3H*	3	5	1	12	25	0.541538	0.541556	0.541556
160	3s.7h	3H*	3	5	1	8	25	0.541538	0.541556	0.541556
161	3s.7h	3H*	3	5	1	10	25	0.541538	0.541556	0.541556
162	3s.7i	1I	1	6	0	12	26	0.541553	0.541571	0.541571
163	3s.7i	3I	3	6	0	10	26	0.541553	0.541571	0.541571
164	3s.7i	3I	3	6	0	14	26	0.541553	0.541571	0.541571
165	3s.7i	3I	3	6	0	12	26	0.541553	0.541571	0.541571
166	3s.9s	3S	3	0	0	2	33	0.543554	0.543563	0.543563
167	3s.8d	1D	1	2	0	4	29	0.543720	0.543935	0.543935
168	3s.9s	1S	1	0	0	0	33	0.544344	0.544091	0.544091
169	3s.8d	3D	3	2	0	6	29	0.545668	0.545677	0.545677
170	3s.8d	3D	3	2	0	4	29	0.545668	0.545677	0.545677
171	3s.8d	3D	3	2	0	2	29	0.545668	0.545678	0.545678
172	3s.9p	3P*	3	1	1	2	34	0.545848	0.545829	0.545829
173	3s.9p	3P*	3	1	1	4	34	0.545848	0.545829	0.545829
174	3s.9p	3P*	3	1	1	0	34	0.545848	0.545829	0.545829
175	3s.9p	1P*	1	1	1	2	34	0.546048	0.546183	0.546183
176	3s.8f	1F*	1	3	1	6	30	0.546143	0.546171	0.546171
177	3s.8f	3F*	3	3	1	4	30	0.546144	0.546171	0.546171
178	3s.8f	3F*	3	3	1	6	30	0.546144	0.546171	0.546171
179	3s.8f	3F*	3	3	1	8	30	0.546144	0.546171	0.546171
180	3s.8g	1G	1	4	0	8	31	0.546293	0.546312	0.546312
181	3s.8g	3G	3	4	0	6	31	0.546293	0.546312	0.546312
182	3s.8g	3G	3	4	0	8	31	0.546293	0.546312	0.546312
183	3s.8g	3G	3	4	0	10	31	0.546293	0.546312	0.546312
184	3s.8h	1H*	1	5	1	10	32	0.546328	0.546346	0.546346
185	3s.8h	3H*	3	5	1	12	32	0.546328	0.546346	0.546346
186	3s.8h	3H*	3	5	1	8	32	0.546328	0.546346	0.546346
187	3s.8h	3H*	3	5	1	10	32	0.546328	0.546346	0.546346
188	3s.10s	3S	3	0	0	2	41	0.547695	0.547708	0.547708
189	3s.9d	1D	1	2	0	4	35	0.547768	0.547920	0.547920
190	3s.10s	1S	1	0	0	0	41	0.548467	0.548065	0.548065
191	3s.9d	3D	3	2	0	6	35	0.549150	0.549162	0.549162
192	3s.9d	3D	3	2	0	4	35	0.549150	0.549162	0.549162
193	3s.9d	3D	3	2	0	2	35	0.549150	0.549162	0.549162
194	3s.10p	1P*	1	1	1	2	42	0.549407	0.549515	0.549515
195	3s.9f	1F*	1	3	1	6	36	0.549481	0.549506	0.549506
196	3s.9f	3F*	3	3	1	4	36	0.549481	0.549506	0.549506
197	3s.9f	3F*	3	3	1	6	36	0.549481	0.549506	0.549506
198	3s.9f	3F*	3	3	1	8	36	0.549481	0.549506	0.549506
199	3s.9g	1G	1	4	0	8	37	0.549587	0.549606	0.549606
200	3s.9g	3G	3	4	0	6	37	0.549587	0.549606	0.549606
201	3s.9g	3G	3	4	0	8	37	0.549587	0.549606	0.549606
202	3s.9g	3G	3	4	0	10	37	0.549587	0.549606	0.549606
203	3s.9h	1H*	1	5	1	10	38	0.549612	0.549630	0.549630
204	3s.9h	3H*	3	5	1	8	38	0.549612	0.549630	0.549630
205	3s.9h	3H*	3	5	1	12	38	0.549612	0.549630	0.549630
206	3s.9h	3H*	3	5	1	10	38	0.549612	0.549630	0.549630
207	3s.9i	1I	1	6	0	12	39	0.549619	0.549637	0.549637
208	3s.9i	3I	3	6	0	14	39	0.549619	0.549637	0.549637
209	3s.9i	3I	3	6	0	10	39	0.549619	0.549637	0.549637
210	3s.9i	3I	3	6	0	12	39	0.549619	0.549637	0.549637
211	3s.9k	1K*	1	7	1	14	40	0.549622	0.549640	0.549640
212	3s.9k	3K*	3	7	1	16	40	0.549622	0.549640	0.549640
213	3s.9k	3K*	3	7	1	12	40	0.549622	0.549640	0.549640
214	3s.9k	3K*	3	7	1	14	40	0.549622	0.549640	0.549640
215	3s.11s	3S	3	0	0	2	45	0.550582	0.550596	0.550596
216	3s.10d	1D	1	2	0	4	43	0.550614	0.550725	0.550725
217	3s.10d	3D	3	2	0	6	43	0.551625	0.551639	0.551639
218	3s.10d	3D	3	2	0	4	43	0.551625	0.551639	0.551639
219	3s.10d	3D	3	2	0	2	43	0.551625	0.551639	0.551639
220	3s.11p	1P*	1	1	1	2	46	0.551805	0.551894	0.551894
221	3s.10f	1F*	1	3	1	6	44	0.551864	0.551887	0.551887
222	3s.10f	3F*	3	3	1	4	44	0.551865	0.551887	0.551887
223	3s.10f	3F*	3	3	1	6	44	0.551865	0.551887	0.551887
224	3s.10f	3F*	3	3	1	8	44	0.551865	0.551887	0.551887
225	3s.12s	3S	3	0	0	2	49	0.552674	0.552688	0.552688
226	3s.11d	1D	1	2	0	4	47	0.552688	0.552772	0.552772
227	3s.11d	3D	3	2	0	6	47	0.553448	0.553461	0.553461
228	3s.11d	3D	3	2	0	4	47	0.553448	0.553461	0.553461
229	3s.11d	3D	3	2	0	2	47	0.553448	0.553461	0.553461
230	3s.12p	1P*	1	1	1	2	50	0.553575	0.553651	0.553651
231	3s.11f	1F*	1	3	1	6	48	0.553626	0.553647	0.553647
232	3s.11f	3F*	3	3	1	4	48	0.553626	0.553647	0.553647
233	3s.11f	3F*	3	3	1	6	48	0.553626	0.553647	0.553647
234	3s.11f	3F*	3	3	1	8	48	0.553626	0.553647	0.553647
235	3s.13s	3S	3	0	0	2	53	0.554239	0.554252	0.554252
236	3s.12d	1D	1	2	0	4	51	0.554243	0.554309	0.554309
237	3s.12d	3D	3	2	0	6	51	0.554828	0.554842	0.554842
238	3s.12d	3D	3	2	0	4	51	0.554828	0.554842	0.554842
239	3s.12d	3D	3	2	0	2	51	0.554828	0.554842	0.554842
240	3s.13p	1P*	1	1	1	2	54	0.554922	0.554988	0.554988
241	3s.12f	1F*	1	3	1	6	52	0.554964	0.554984	0.554984
242	3s.12f	3F*	3	3	1	4	52	0.554964	0.554984	0.554984
243	3s.12f	3F*	3	3	1	6	52	0.554964	0.554984	0.554984
244	3s.12f	3F*	3	3	1	8	52	0.554964	0.554984	0.554984
245	3s.13d	1D	1	2	0	4	55	0.555440	0.555493	0.555493
246	3s.14s	3S	3	0	0	2	57	0.555440	0.555453	0.555453
247	3s.13d	3D	3	2	0	6	55	0.555899	0.555912	0.555912
248	3s.13d	3D	3	2	0	4	55	0.555899	0.555912	0.555912
249	3s.13d	3D	3	2	0	2	55	0.555899	0.555912	0.555912
250	3s.14p	1P*	1	1	1	2	58	0.555968	0.556027	0.556027
251	3s.13f	1F*	1	3	1	6	56	0.556004	0.556024	0.556024
252	3s.13f	3F*	3	3	1	4	56	0.556004	0.556024	0.556024
253	3s.13f	3F*	3	3	1	6	56	0.556004	0.556024	0.556024
254	3s.13f	3F*	3	3	1	8	56	0.556004	0.556024	0.556024
255	3s.14d	1D	1	2	0	4	59	0.556380	0.556424	0.556424
256	3s.14d	3D	3	2	0	6	59	0.556747	0.556759	0.556759
257	3s.14d	3D	3	2	0	4	59	0.556747	0.556759	0.556759
258	3s.14d	3D	3	2	0	2	59	0.556747	0.556759	0.556759
259	3s.15p	1P*	1	1	1	2	62	0.556797	0.556851	0.556851
260	3s.14f	1F*	1	3	1	6	60	0.556829	0.556848	0.556848
261	3s.14f	3F*	3	3	1	4	60	0.556829	0.556848	0.556848
262	3s.14f	3F*	3	3	1	6	60	0.556829	0.556848	0.556848
263	3s.14f	3F*	3	3	1	8	60	0.556829	0.556848	0.556848
264	3s.15d	1D	1	2	0	4	63	0.557130	0.557168	0.557168
265	3s.16p	1P*	1	1	1	2	66	0.557464	0.557515	0.557515
266	3s.15f	1F*	1	3	1	6	64	0.557494	0.557513	0.557513
267	3s.15f	3F*	3	3	1	4	64	0.557494	0.557513	0.557513
268	3s.15f	3F*	3	3	1	6	64	0.557494	0.557513	0.557513
269	3s.15f	3F*	3	3	1	8	64	0.557494	0.557513	0.557513
270	3s.16d	1D	1	2	0	4	67	0.557737	0.557770	0.557770
271	3s.17p	1P*	1	1	1	2	69	0.558010	0.558058	0.558058
272	3s.17d	1D	1	2	0	4	70	0.558239	0.558269	0.558269
273	3s.18p	1P*	1	1	1	2	72	0.558459	0.558508	0.558508
274	3s.18d	1D	1	2	0	4	73	0.558656	0.558683	0.558683
275	3s.19p	1P*	1	1	1	2	75	0.558829	0.558885	0.558885
276	3s.19d	1D	1	2	0	4	76	0.559007	0.559032	0.559032
277	3s.20p	1P*	1	1	1	2	78	0.559121	0.559204	0.559204
278	3s.20d	1D	1	2	0	4	79	0.559305	0.559328	0.559328
279	3p2	1D	1	2	0	4	13	0.618538	-1.000000	0.618538
280	3p2	1S	1	0	0	0	13	0.665508	-1.000000	0.665508
