2J P   S L   CF   NI       ENERGY(RYD)
 0 0   1 0    1    1        0.00000000       
 0 1  -3 1    2    4        0.19911554       
 2 1  -3 1    2    2        0.19929833       
 4 1  -3 1    2    1        0.19966935       
 2 1  -1 1    2    3        0.31941062       
 2 0   3 0    4    1        0.37541836       
 0 0   1 0    4    2        0.39643154       
 4 0   1 2    3    3        0.42285584       
 0 1  -3 1    5    4        0.43596035       
 2 1  -3 1    5    2        0.43599038       
 4 1  -3 1    5    1        0.43605187       
 4 0   3 2    3    2        0.43701659       
 6 0   3 2    3    1        0.43701675       
 2 0   3 2    3    4        0.43701687       
 2 1  -1 1    5    3        0.44968048       
 2 0   3 0    8    1        0.47269724       
 0 0   1 0    8    2        0.47892739       
 4 0   1 2    6    3        0.48419848       
 6 0   3 2    6    1        0.49383617       
 4 0   3 2    6    2        0.49383652       
 2 0   3 2    6    4        0.49383689       
 0 1  -3 1    9    4        0.49435152       
 2 1  -3 1    9    2        0.49436316       
 4 1  -3 1    9    1        0.49438722       
 6 1  -1 3    7    3        0.49824836       
 4 1  -3 3    7    4        0.49825033       
 6 1  -3 3    7    2        0.49825076       
 8 1  -3 3    7    1        0.49825125       
 2 1  -1 1    9    3        0.49852264       
 2 0   3 0   14    1        0.50932360       
 0 0   1 0   14    2        0.51201246       
 4 0   1 2   10    3        0.51311972       
 6 0   3 2   10    1        0.51913260       
 4 0   3 2   10    2        0.51913287       
 2 0   3 2   10    4        0.51913308       
 0 1  -3 1   15    4        0.51957785       
 2 1  -3 1   15    2        0.51958373       
 4 1  -3 1   15    1        0.51959559       
 6 1  -1 3   11    3        0.52128269       
 4 1  -3 3   11    4        0.52128328       
 6 1  -3 3   11    2        0.52128364       
 8 1  -3 3   11    1        0.52128398       
 2 1  -1 1   15    3        0.52138137       
32 0   7 4   12    4        0.52181666   ****
 0 1  -3 1   42    4        0.52658005       
 2 1  -3 1   42    2        0.52658130       
 4 1  -3 1   42    1        0.52658383       
 0 0   3 1   13    4        0.52682870       
 2 0   3 1   13    3        0.52701670       
 2 0   3 0   20    1        0.52721550       
 4 0   3 1   13    2        0.52738610       
 0 0   1 0   45    2        0.52846963       
 0 0   1 0   20    2        0.52862060       
 4 0   1 2   16    3        0.52874672       
 0 1  -3 1   46    4        0.52899876       
 2 1  -3 1   46    2        0.52899967       
 4 1  -3 1   46    1        0.52900151       
 0 0   1 0   49    2        0.53039998       
 0 1  -3 1   50    4        0.53078203       
 2 1  -3 1   50    2        0.53078272       
 4 1  -3 1   50    1        0.53078410       
 0 0   1 0   53    2        0.53185295       
 0 1  -3 1   54    4        0.53213457       
 2 1  -3 1   54    2        0.53213510       
 4 1  -3 1   54    1        0.53213616       
 6 0   3 2   16    1        0.53257037       
 4 0   3 2   16    2        0.53257046       
 2 0   3 2   16    4        0.53257065       
 0 1  -3 1   21    4        0.53287880       
 2 1  -3 1   21    2        0.53288182       
 4 1  -3 1   21    1        0.53288856       
 0 0   1 0   57    2        0.53297419       
 0 1  -3 1   58    4        0.53318477       
 2 1  -3 1   58    2        0.53318519       
 4 1  -3 1   58    1        0.53318602       
 2 0   3 0   61    1        0.53362275       
 6 1  -1 3   17    3        0.53377902       
18 1 -11 3   17    2        0.53377948   ****
 2 1  -1 1   21    3        0.53382230       
 0 0   1 0   61    2        0.53385789       
 0 1  -3 1   62    4        0.53401651       
 2 1  -3 1   62    2        0.53401684       
 4 1  -3 1   62    1        0.53401751       
32 0   7 4   18    2        0.53410086   ****
40 1 -13 5   19    3        0.53417510   ****
 2 0   3 0   65    1        0.53436784       
 0 0   1 0   65    2        0.53456723       
 2 0   3 2   63    4        0.53467472       
 4 0   3 2   63    2        0.53467472       
 6 0   3 2   63    1        0.53467473       
 0 1  -3 1   66    4        0.53468647       
 2 1  -3 1   66    2        0.53468674       
 4 1  -3 1   66    1        0.53468728       
 2 0   3 0   68    1        0.53497258       
 0 0   1 0   68    2        0.53514615       
 2 0   3 2   67    4        0.53522443       
 4 0   3 2   67    2        0.53522443       
 6 0   3 2   67    1        0.53522443       
 0 1  -3 1   69    4        0.53523406       
 2 1  -3 1   69    2        0.53523428       
 4 1  -3 1   69    1        0.53523472       
 2 0   3 0   71    1        0.53547017       
 0 0   1 0   71    2        0.53562657       
 2 0   3 2   70    4        0.53567941       
 4 0   3 2   70    2        0.53567941       
 6 0   3 2   70    1        0.53567941       
 0 1  -3 1   72    4        0.53568740       
 2 1  -3 1   72    2        0.53568759       
 4 1  -3 1   72    1        0.53568796       
 2 0   3 0   74    1        0.53588455       
 0 0   1 0   74    2        0.53603486       
 2 0   3 2   73    4        0.53606027       
 4 0   3 2   73    2        0.53606028       
 6 0   3 2   73    1        0.53606028       
 0 1  -3 1   75    4        0.53606702       
 2 1  -3 1   75    2        0.53606718       
 4 1  -3 1   75    1        0.53606749       
 2 0   3 0   77    1        0.53623349       
 6 0   5 2   76    2        0.53638237   ****
 6 0   3 2   76    1        0.53638237       
 0 1  -3 1   78    4        0.53638829       
 2 1  -3 1   78    2        0.53638842       
 4 1  -3 1   78    1        0.53638868       
 0 0   1 0   77    2        0.53646306       
 6 0   5 2   79    2        0.53665742   ****
 6 0   3 2   79    1        0.53665742       
 2 0   3 0   27    1        0.53730801       
 4 0   1 2   22    3        0.53802135       
 0 0   1 0   27    2        0.53813530       
 6 0   3 2   22    1        0.54055235       
 4 0   3 2   22    2        0.54055245       
 2 0   3 2   22    4        0.54055262       
 6 1 -11 1   28    2        0.54076870   ****
24 1 -13 3   23    4        0.54129958   ****
 2 1  -1 1   28    3        0.54132160       
32 0   7 4   24    4        0.54150711   ****
40 1 -13 5   25    4        0.54155556   ****
48 0   7 6   26    1        0.54157072   ****
 2 0   3 0   33    1        0.54356300       
 4 0   1 2   29    3        0.54393522       
 0 0   1 0   33    2        0.54409120       
 6 0   3 2   29    1        0.54567735       
 4 0   3 2   29    2        0.54567747       
 2 0   3 2   29    4        0.54567761       
 6 1 -11 1   34    2        0.54582950   ****
24 1 -13 3   30    4        0.54617128   ****
 2 1  -1 1   34    3        0.54618280       
32 0   7 4   31    4        0.54631250   ****
40 1 -13 5   32    4        0.54634581   ****
 2 0   3 0   41    1        0.54770790       
 4 0   1 2   35    3        0.54791972       
 0 0   1 0   41    2        0.54806540       
12 0   7 2   35    2        0.54916218   ****
24 1 -13 3   36    4        0.54950572   ****
 2 1  -1 1   42    3        0.54951500       
32 0   7 4   37    4        0.54960627   ****
40 1 -13 5   38    4        0.54962983   ****
48 0   7 6   39    4        0.54963730   ****
56 1 -13 7   40    4        0.54964021   ****
 2 0   3 0   45    1        0.55059550       
 4 0   1 2   43    3        0.55072514       
12 0   7 2   43    2        0.55163860   ****
24 1 -13 3   44    4        0.55188736   ****
 2 1  -1 1   46    3        0.55189390       
 2 0   3 0   49    1        0.55268770       
 4 0   1 2   47    3        0.55277180       
12 0   7 2   47    2        0.55346150   ****
24 1 -13 3   48    4        0.55364726   ****
 2 1  -1 1   50    3        0.55365060       
 2 0   3 0   53    1        0.55425240       
 4 0   1 2   51    3        0.55430930       
12 0   7 2   51    2        0.55484160   ****
24 1 -13 3   52    4        0.55498440   ****
 2 1  -1 1   54    3        0.55498830       
 2 0   3 0   57    1        0.55545280       
 4 0   1 2   55    3        0.55549300       
12 0   7 2   55    2        0.55591240   ****
24 1 -13 3   56    4        0.55602420   ****
 2 1  -1 1   58    3        0.55602720       
 4 0   1 2   59    3        0.55642400       
12 0   7 2   59    2        0.55675930   ****
24 1 -13 3   60    4        0.55684840   ****
 2 1  -1 1   62    3        0.55685110       
 4 0   1 2   63    3        0.55716800       
24 1 -13 3   64    4        0.55751290   ****
 2 1  -1 1   66    3        0.55751540       
 4 0   1 2   67    3        0.55777000       
 2 1  -1 1   69    3        0.55805840       
 4 0   1 2   70    3        0.55826900       
 2 1  -1 1   72    3        0.55850820       
 4 0   1 2   73    3        0.55868300       
 2 1  -1 1   75    3        0.55888510       
 4 0   1 2   76    3        0.55903200       
 2 1  -1 1   78    3        0.55920400       
 4 0   1 2   79    3        0.55932800       
 4 0   1 2   13    1        0.61205660       
 0 0   1 0   13    5        0.66540270       
 0 1  -3 1   81    4        0.70154105       
 2 1  -3 1   81    2        0.70166210       
 4 1  -3 1   81    1        0.70190770       
 2 1  -1 1   81    3        0.72326834       
 4 1  -3 3   80    5        0.74333787       
 6 1  -3 3   80    2        0.74353051       
 4 1  -1 2   80    7        0.74360864       
 8 1  -3 3   80    1        0.74369503       
 2 0   1 1   82    7        0.74432713       
 2 0   3 2   82    5        0.75190301       
 4 0   3 2   82    2        0.75205616       
 6 0   3 2   82    1        0.75229087       
 2 0   3 0   82    8        0.76495313       
 2 1  -3 2   80    9        0.77077243       
 4 1  -3 2   80    6        0.77081261       
 6 1  -3 2   80    4        0.77087842       
 4 1  -3 1   80    8        0.77590999       
 2 1  -3 1   80   10        0.77602662       
 0 1  -3 1   80   12        0.77608407       
 0 0   3 1   82    9        0.78249575       
 2 0   3 1   82    6        0.78257761       
 4 0   3 1   82    4        0.78273621       
 4 0   1 2   82    3        0.79660133       
 6 1  -1 3   80    3        0.80694458       
 2 1  -1 1   80   11        0.81812557       
 4 1  -1 2   83    7        0.82481268       
 0 0   1 0   82   10        0.82488879       
 4 1  -3 3   83    5        0.82626712       
 6 1  -3 3   83    2        0.82637867       
 8 1  -3 3   83    1        0.82655056       
 2 1  -3 2   83    9        0.82812845       
 4 1  -3 2   83    6        0.82817095       
 6 1  -3 2   83    4        0.82824154       
 6 0   1 3   84    7        0.82981176       
 4 0   3 3   84    9        0.82983265       
 6 0   3 3   84    6        0.82988566       
 8 0   3 3   84    4        0.82990207       
 4 1  -3 1   83    8        0.83076437       
 2 1  -3 1   83   10        0.83088108       
 0 1  -3 1   83   12        0.83093800       
 6 0   3 4   84    5        0.83375208       
 8 0   3 4   84    2        0.83381942       
10 0   3 4   84    1        0.83402283       
 8 0   1 4   84    3        0.83421073       
 6 0   3 2   84    8        0.83703148       
 4 0   3 2   84   10        0.83714541       
 2 0   3 2   84   12        0.83722885       
 4 0   1 2   84   11        0.83917893       
 6 1  -1 3   83    3        0.84701145       
 2 1  -1 1   83   11        0.86474319       
 4 0   3 3   85    4        1.09000981       
 6 0   3 3   85    3        1.09001035       
 8 0   3 3   85    2        1.09001106       
 4 0   1 2   85    5        1.10874852       
 0 0   3 1   85    8        1.11031447       
 2 0   3 1   85    7        1.11031536       
 4 0   3 1   85    6        1.11031714       
 8 0   1 4   85    1        1.11570365       
 0 0   1 0   85    9        1.16117017       
 0 0   0 0    0    0     -399.65512607
