  NV=   20  LV=   -1       K    1    2    3    4    5    6    7    8    9   10   11   12   13   14   15   16   17   18   19   20
 85CFIC  G   Z=12    N=12  NL  1 0  2 0  2 1  3 0  3 1  3 2  4 0  4 1  4 2  4 3  5 0  5 1  5 2  5 3  5 4  6 0  6 1  6 2  6 3  6 4  6 5  7 0  7 1  7 2  7 3  7 4  7 5  7 6  8 0  8 1  8 2  8 3  8 4  8 5  9 0  9 1  9 2  9 3  9 4  9 5  9 6  9 7 10 0 10 1 10 2 10 3 11 0 11 1 11 2 11 3 12 0 12 1 12 2 12 3 13 0 13 1 13 2 13 3 14 0 14 1 14 2 14 3
    1    1    1 3  24
    2   12    1 3  14515
    3   20    1 3  14516
    4    4    1 3  14517
    5   12    1 3  14518
    6   20    1 3  14519
    7   28    1 3  1451A
    8    4    1 3  1451B
    9   12    1 3  1451C
   10   20    1 3  1451D
   11   28    1 3  1451E
   12   36    1 3  1451F
   13   15    1 3  25
   14    4    1 3  1451G
   15   12    1 3  1451H
   16   20    1 3  1451I
   17   28    1 3  1451J
   18   36    1 3  1451K
   19   44    1 3  1451L
   20    4    1 3  1451M
   21   12    1 3  1451N
   22   20    1 3  1451O
   23   28    1 3  1451P
   24   36    1 3  1451Q
   25   44    1 3  1451R
   26   52    1 3  1451S
   27    4    1 3  1451T
   28   12    1 3  1451U
   29   20    1 3  1451V
   30   28    1 3  1451W
   31   36    1 3  1451X
   32   44    1 3  1451Y
   33    4    1 3  1451Z
   34   12    1 3  1451a
   35   20    1 3  1451b
   36   28    1 3  1451c
   37   36    1 3  1451d
   38   44    1 3  1451e
   39   52    1 3  1451f
   40   60    1 3  1451g
   41    4    1 3  1451h
   42   12    1 3  1451i
   43   20    1 3  1451j
   44   28    1 3  1451k
   45    4    1 3  1451l
   46   12    1 3  1451m
   47   20    1 3  1451n
   48   28    1 3  1451o
   49    4    1 3  1451p
   50   12    1 3  1451q
   51   20    1 3  1451r
   52   28    1 3  1451s
   53    4    1 3  1451t
   54   12    1 3  1451u
   55   20    1 3  1451v
   56   28    1 3  1451w
   57    4    1 3  1451x
   58   12    1 3  1451y
   59   20    1 3  1451z
   60   28    1 3  1451*
   61    4    1 3  1451*
   62   12    1 3  1451*
   63   20    1 3  1451*
   64   28    1 3  1451*
   65    4    1 3  1451*
   66   12    1 3  1451*
   67   20    1 3  1451*
   68    4    1 3  1451*
   69   12    1 3  1451*
   70   20    1 3  1451*
   71    4    1 3  1451*
   72   12    1 3  1451*
   73   20    1 3  1451*
   74    4    1 3  1451*
   75   12    1 3  1451*
   76   20    1 3  1451*
   77    4    1 3  1451*
   78   12    1 3  1451*
   79   20    1 3  1451*
   80   60    1 3  15516
   81   12    1 3  15517
   82   36    1 3  15518
   83   60    1 3  15519
   84   84    1 3  1551A
   85   45    1 3  26
        I-S            C-S           AUTO-IONIZATION DATA       Z=12   N=12
   CF   LV    W   CF   LV    W      AA*SEC         E-C(RYD)      E-I(RYD)
                                                                   0.000000
   NLEVEL=  339                                       E1/RY=    -399.655126
    K   LV    T 2S+1    L   2J   CF     (EK-E1)/RY
    1  298  169    1    0    0    1       0.000000
    2  319  108   -3    1    0    2       0.199116
    3  253  108   -3    1    2    2       0.199298
    4  188  108   -3    1    4    2       0.199669
    5  274  130   -1    1    2    2       0.319411
    6  233  151    3    0    2    4       0.375418
    7  299  170    1    0    0    4       0.396432
    8  145   81    1    2    4    3       0.422856
    9  320  109   -3    1    0    5       0.435960
   10  254  109   -3    1    2    5       0.435990
   11  189  109   -3    1    4    5       0.436052
   12  125   59    3    2    4    3       0.437017
   13   73   59    3    2    6    3       0.437017
   14  209   59    3    2    2    3       0.437017
   15  275  131   -1    1    2    5       0.449680
   16  234  152    3    0    2    8       0.472697
   17  300  171    1    0    0    8       0.478927
   18  146   82    1    2    4    6       0.484198
   19   74   60    3    2    6    6       0.493836
   20  126   60    3    2    4    6       0.493837
   21  210   60    3    2    2    6       0.493837
   22  321  110   -3    1    0    9       0.494352
   23  255  110   -3    1    2    9       0.494363
   24  190  110   -3    1    4    9       0.494387
   25  107   45   -1    3    6    7       0.498248
   26  170   30   -3    3    4    7       0.498250
   27   93   30   -3    3    6    7       0.498251
   28   50   30   -3    3    8    7       0.498251
   29  276  132   -1    1    2    9       0.498523
   30  235  153    3    0    2   14       0.509324
   31  302  173    1    0    0   14       0.512012
   32  147   83    1    2    4   10       0.513120
   33   75   61    3    2    6   10       0.519133
   34  127   61    3    2    4   10       0.519133
   35  211   61    3    2    2   10       0.519133
   36  322  111   -3    1    0   15       0.519578
   37  256  111   -3    1    2   15       0.519584
   38  191  111   -3    1    4   15       0.519596
   39  108   46   -1    3    6   11       0.521283
   40  171   31   -3    3    4   11       0.521283
   41   94   31   -3    3    6   11       0.521284
   42   51   31   -3    3    8   11       0.521284
   43  277  133   -1    1    2   15       0.521381
   44   31   15    3    4    8   12       0.521817
   45   17   15    3    4   10   12       0.521817
   46   37   21    1    4    8   12       0.521817
   47   64   15    3    4    6   12       0.521817
   48  326  115   -3    1    0   42       0.526580
   49  260  115   -3    1    2   42       0.526581
   50  195  115   -3    1    4   42       0.526584
   51  295  105    3    1    0   13       0.526829
   52  229  105    3    1    2   13       0.527017
   53  236  154    3    0    2   20       0.527216
   54  167  105    3    1    4   13       0.527386
   55  307  178    1    0    0   45       0.528470
   56  303  174    1    0    0   20       0.528621
   57  149   85    1    2    4   16       0.528747
   58  327  116   -3    1    0   46       0.528999
   59  261  116   -3    1    2   46       0.529000
   60  196  116   -3    1    4   46       0.529002
   61  308  179    1    0    0   49       0.530400
   62  328  117   -3    1    0   50       0.530782
   63  262  117   -3    1    2   50       0.530783
   64  197  117   -3    1    4   50       0.530784
   65  309  180    1    0    0   53       0.531853
   66  329  118   -3    1    0   54       0.532135
   67  263  118   -3    1    2   54       0.532135
   68  198  118   -3    1    4   54       0.532136
   69   76   62    3    2    6   16       0.532570
   70  128   62    3    2    4   16       0.532570
   71  212   62    3    2    2   16       0.532571
   72  323  112   -3    1    0   21       0.532879
   73  257  112   -3    1    2   21       0.532882
   74  192  112   -3    1    4   21       0.532889
   75  310  181    1    0    0   57       0.532974
   76  330  119   -3    1    0   58       0.533185
   77  264  119   -3    1    2   58       0.533185
   78  199  119   -3    1    4   58       0.533186
   79  244  162    3    0    2   61       0.533623
   80  109   47   -1    3    6   17       0.533779
   81  172   32   -3    3    4   17       0.533779
   82   52   32   -3    3    8   17       0.533779
   83   95   32   -3    3    6   17       0.533779
   84  278  134   -1    1    2   21       0.533822
   85  311  182    1    0    0   61       0.533858
   86  331  120   -3    1    0   62       0.534017
   87  265  120   -3    1    2   62       0.534017
   88  200  120   -3    1    4   62       0.534018
   89   38   22    1    4    8   18       0.534101
   90   18   16    3    4   10   18       0.534101
   91   65   16    3    4    6   18       0.534101
   92   32   16    3    4    8   18       0.534101
   93   46    7   -3    5    8   19       0.534175
   94   23    7   -3    5   10   19       0.534175
   95   11    7   -3    5   12   19       0.534175
   96   27   11   -1    5   10   19       0.534175
   97  245  163    3    0    2   65       0.534368
   98  312  183    1    0    0   65       0.534567
   99  221   71    3    2    2   63       0.534675
  100  137   71    3    2    4   63       0.534675
  101   85   71    3    2    6   63       0.534675
  102  332  121   -3    1    0   66       0.534686
  103  266  121   -3    1    2   66       0.534687
  104  201  121   -3    1    4   66       0.534687
  105  246  164    3    0    2   68       0.534973
  106  313  184    1    0    0   68       0.535146
  107  222   72    3    2    2   67       0.535224
  108  138   72    3    2    4   67       0.535224
  109   86   72    3    2    6   67       0.535224
  110  333  122   -3    1    0   69       0.535234
  111  267  122   -3    1    2   69       0.535234
  112  202  122   -3    1    4   69       0.535235
  113  247  165    3    0    2   71       0.535470
  114  314  185    1    0    0   71       0.535627
  115  223   73    3    2    2   70       0.535679
  116  139   73    3    2    4   70       0.535679
  117   87   73    3    2    6   70       0.535679
  118  334  123   -3    1    0   72       0.535687
  119  268  123   -3    1    2   72       0.535688
  120  203  123   -3    1    4   72       0.535688
  121  248  166    3    0    2   74       0.535885
  122  315  186    1    0    0   74       0.536035
  123  224   74    3    2    2   73       0.536060
  124  140   74    3    2    4   73       0.536060
  125   88   74    3    2    6   73       0.536060
  126  335  124   -3    1    0   75       0.536067
  127  269  124   -3    1    2   75       0.536067
  128  204  124   -3    1    4   75       0.536067
  129  249  167    3    0    2   77       0.536233
  130  225   75    3    2    2   76       0.536382
  131  141   75    3    2    4   76       0.536382
  132   89   75    3    2    6   76       0.536382
  133  336  125   -3    1    0   78       0.536388
  134  270  125   -3    1    2   78       0.536388
  135  205  125   -3    1    4   78       0.536389
  136  316  187    1    0    0   77       0.536463
  137  226   76    3    2    2   79       0.536657
  138  142   76    3    2    4   79       0.536657
  139   90   76    3    2    6   79       0.536657
  140  237  155    3    0    2   27       0.537308
  141  150   86    1    2    4   22       0.538021
  142  304  175    1    0    0   27       0.538135
  143   77   63    3    2    6   22       0.540552
  144  129   63    3    2    4   22       0.540552
  145  213   63    3    2    2   22       0.540553
  146  193  113   -3    1    4   28       0.540769
  147  324  113   -3    1    0   28       0.540769
  148  258  113   -3    1    2   28       0.540769
  149  110   48   -1    3    6   23       0.541300
  150   53   33   -3    3    8   23       0.541300
  151   96   33   -3    3    6   23       0.541300
  152  173   33   -3    3    4   23       0.541300
  153  279  135   -1    1    2   28       0.541322
  154   33   17    3    4    8   24       0.541507
  155   19   17    3    4   10   24       0.541507
  156   39   23    1    4    8   24       0.541507
  157   66   17    3    4    6   24       0.541507
  158   28   12   -1    5   10   25       0.541556
  159   12    8   -3    5   12   25       0.541556
  160   24    8   -3    5   10   25       0.541556
  161   47    8   -3    5    8   25       0.541556
  162   15    3    3    6   10   26       0.541571
  163    6    3    3    6   12   26       0.541571
  164    8    5    1    6   12   26       0.541571
  165    2    3    3    6   14   26       0.541571
  166  238  156    3    0    2   33       0.543563
  167  151   87    1    2    4   29       0.543935
  168  305  176    1    0    0   33       0.544091
  169   78   64    3    2    6   29       0.545677
  170  130   64    3    2    4   29       0.545677
  171  214   64    3    2    2   29       0.545678
  172  194  114   -3    1    4   34       0.545829
  173  325  114   -3    1    0   34       0.545829
  174  259  114   -3    1    2   34       0.545829
  175  111   49   -1    3    6   30       0.546171
  176   54   34   -3    3    8   30       0.546171
  177   97   34   -3    3    6   30       0.546171
  178  174   34   -3    3    4   30       0.546171
  179  280  136   -1    1    2   34       0.546183
  180   20   18    3    4   10   31       0.546312
  181   40   24    1    4    8   31       0.546312
  182   34   18    3    4    8   31       0.546312
  183   67   18    3    4    6   31       0.546312
  184   29   13   -1    5   10   32       0.546346
  185   13    9   -3    5   12   32       0.546346
  186   25    9   -3    5   10   32       0.546346
  187   48    9   -3    5    8   32       0.546346
  188  239  157    3    0    2   41       0.547708
  189  152   88    1    2    4   35       0.547920
  190  306  177    1    0    0   41       0.548065
  191  215   65    3    2    2   35       0.549162
  192   79   65    3    2    6   35       0.549162
  193  131   65    3    2    4   35       0.549162
  194  112   50   -1    3    6   36       0.549506
  195   55   35   -3    3    8   36       0.549506
  196   98   35   -3    3    6   36       0.549506
  197  175   35   -3    3    4   36       0.549506
  198  281  137   -1    1    2   42       0.549515
  199   21   19    3    4   10   37       0.549606
  200   41   25    1    4    8   37       0.549606
  201   35   19    3    4    8   37       0.549606
  202   68   19    3    4    6   37       0.549606
  203   30   14   -1    5   10   38       0.549630
  204   14   10   -3    5   12   38       0.549630
  205   26   10   -3    5   10   38       0.549630
  206   49   10   -3    5    8   38       0.549630
  207    3    4    3    6   14   39       0.549637
  208    7    4    3    6   12   39       0.549637
  209    9    6    1    6   12   39       0.549637
  210   16    4    3    6   10   39       0.549637
  211    5    2   -1    7   14   40       0.549640
  212    4    1   -3    7   14   40       0.549640
  213    1    1   -3    7   16   40       0.549640
  214   10    1   -3    7   12   40       0.549640
  215  240  158    3    0    2   45       0.550596
  216  153   89    1    2    4   43       0.550725
  217  216   66    3    2    2   43       0.551639
  218   80   66    3    2    6   43       0.551639
  219  132   66    3    2    4   43       0.551639
  220  113   51   -1    3    6   44       0.551887
  221   56   36   -3    3    8   44       0.551887
  222   99   36   -3    3    6   44       0.551887
  223  176   36   -3    3    4   44       0.551887
  224  282  138   -1    1    2   46       0.551894
  225  241  159    3    0    2   49       0.552688
  226  154   90    1    2    4   47       0.552772
  227  217   67    3    2    2   47       0.553462
  228   81   67    3    2    6   47       0.553462
  229  133   67    3    2    4   47       0.553462
  230   57   37   -3    3    8   48       0.553647
  231  114   52   -1    3    6   48       0.553647
  232  100   37   -3    3    6   48       0.553647
  233  177   37   -3    3    4   48       0.553647
  234  283  139   -1    1    2   50       0.553651
  235  242  160    3    0    2   53       0.554252
  236  155   91    1    2    4   51       0.554309
  237  218   68    3    2    2   51       0.554842
  238   82   68    3    2    6   51       0.554842
  239  134   68    3    2    4   51       0.554842
  240   58   38   -3    3    8   52       0.554984
  241  115   53   -1    3    6   52       0.554984
  242  101   38   -3    3    6   52       0.554984
  243  178   38   -3    3    4   52       0.554984
  244  284  140   -1    1    2   54       0.554988
  245  243  161    3    0    2   57       0.555453
  246  156   92    1    2    4   55       0.555493
  247  219   69    3    2    2   55       0.555912
  248   83   69    3    2    6   55       0.555912
  249  135   69    3    2    4   55       0.555912
  250   59   39   -3    3    8   56       0.556024
  251  116   54   -1    3    6   56       0.556024
  252  102   39   -3    3    6   56       0.556024
  253  179   39   -3    3    4   56       0.556024
  254  285  141   -1    1    2   58       0.556027
  255  157   93    1    2    4   59       0.556424
  256  220   70    3    2    2   59       0.556759
  257   84   70    3    2    6   59       0.556759
  258  136   70    3    2    4   59       0.556759
  259   60   40   -3    3    8   60       0.556848
  260  117   55   -1    3    6   60       0.556848
  261  103   40   -3    3    6   60       0.556848
  262  180   40   -3    3    4   60       0.556848
  263  286  142   -1    1    2   62       0.556851
  264  158   94    1    2    4   63       0.557168
  265   61   41   -3    3    8   64       0.557513
  266  118   56   -1    3    6   64       0.557513
  267  104   41   -3    3    6   64       0.557513
  268  181   41   -3    3    4   64       0.557513
  269  287  143   -1    1    2   66       0.557515
  270  159   95    1    2    4   67       0.557770
  271  288  144   -1    1    2   69       0.558058
  272  160   96    1    2    4   70       0.558269
  273  289  145   -1    1    2   72       0.558508
  274  161   97    1    2    4   73       0.558683
  275  290  146   -1    1    2   75       0.558885
  276  162   98    1    2    4   76       0.559032
  277  291  147   -1    1    2   78       0.559204
  278  163   99    1    2    4   79       0.559328
  279  148   84    1    2    4   13       0.612057
  280  301  172    1    0    0   13       0.665403
  281  338  127   -3    1    0   81       0.701541
  282  272  127   -3    1    2   81       0.701662
  283  207  127   -3    1    4   81       0.701908
  284  293  149   -1    1    2   81       0.723268
  285  182   42   -3    3    4   80       0.743338
  286  105   42   -3    3    6   80       0.743531
  287  186  103   -1    2    4   80       0.743609
  288   62   42   -3    3    8   80       0.743695
  289  232  129    1    1    2   82       0.744327
  290  227   77    3    2    2   82       0.751903
  291  143   77    3    2    4   82       0.752056
  292   91   77    3    2    6   82       0.752291
  293  250  168    3    0    2   82       0.764953
  294  251   79   -3    2    2   80       0.770772
  295  184   79   -3    2    4   80       0.770813
  296  121   79   -3    2    6   80       0.770878
  297  206  126   -3    1    4   80       0.775910
  298  271  126   -3    1    2   80       0.776027
  299  337  126   -3    1    0   80       0.776084
  300  296  106    3    1    0   82       0.782496
  301  230  106    3    1    2   82       0.782578
  302  168  106    3    1    4   82       0.782736
  303  164  100    1    2    4   82       0.796601
  304  119   57   -1    3    6   80       0.806945
  305  292  148   -1    1    2   80       0.818126
  306  187  104   -1    2    4   83       0.824813
  307  317  188    1    0    0   82       0.824889
  308  183   43   -3    3    4   83       0.826267
  309  106   43   -3    3    6   83       0.826379
  310   63   43   -3    3    8   83       0.826551
  311  252   80   -3    2    2   83       0.828128
  312  185   80   -3    2    4   83       0.828171
  313  122   80   -3    2    6   83       0.828242
  314   72   44    1    3    6   84       0.829812
  315  123   28    3    3    4   84       0.829833
  316   70   28    3    3    6   84       0.829886
  317   44   28    3    3    8   84       0.829902
  318  208  128   -3    1    4   83       0.830764
  319  273  128   -3    1    2   83       0.830881
  320  339  128   -3    1    0   83       0.830938
  321   69   20    3    4    6   84       0.833752
  322   36   20    3    4    8   84       0.833819
  323   22   20    3    4   10   84       0.834023
  324   42   26    1    4    8   84       0.834211
  325   92   78    3    2    6   84       0.837031
  326  144   78    3    2    4   84       0.837145
  327  228   78    3    2    2   84       0.837229
  328  165  101    1    2    4   84       0.839179
  329  120   58   -1    3    6   83       0.847011
  330  294  150   -1    1    2   83       0.864743
  331  124   29    3    3    4   85       1.090010
  332   71   29    3    3    6   85       1.090010
  333   45   29    3    3    8   85       1.090011
  334  166  102    1    2    4   85       1.108749
  335  297  107    3    1    0   85       1.110314
  336  231  107    3    1    2   85       1.110315
  337  169  107    3    1    4   85       1.110317
  338   43   27    1    4    8   85       1.115704
  339  318  189    1    0    0   85       1.161170
  
    
