280 1.0
1 0.54964021
2 0.54157072
3 0.54963730
4 0.54964021
5 0.54964021
6 0.54157072
7 0.54963730
8 0.54157072
9 0.54963730
10 0.54964021
11 0.53417510
12 0.54155556
13 0.54634581
14 0.54962983
15 0.54157072
16 0.54963730
17 0.52181666
18 0.53410086
19 0.54150711
20 0.54631250
21 0.54960627
23 0.53417510
24 0.54155556
25 0.54634581
26 0.54962983
27 0.53417510
28 0.54155556
29 0.54634581
30 0.54962983
31 0.52181666
32 0.53410086
33 0.54150711
34 0.54631250
35 0.54960627
37 0.52181666
38 0.53410086
39 0.54150711
40 0.54631250
41 0.54960627
46 0.53417510
47 0.54155556
48 0.54634581
49 0.54962983
50 0.49825125
51 0.52128398
52 0.53377948
53 0.54129958
54 0.54617128
55 0.54950572
56 0.55188736
57 0.55364726
58 0.55498440
59 0.55602420
60 0.55684840
61 0.55751290
64 0.52181666
65 0.53410086
66 0.54150711
67 0.54631250
68 0.54960627
73 0.43701675
74 0.49383617
75 0.51913260
76 0.53257037
77 0.54055235
78 0.54567735
79 0.54916218
80 0.55163860
81 0.55346150
82 0.55484160
83 0.55591240
84 0.55675930
85 0.55736245
86 0.55791145
87 0.55836645
88 0.55874745
89 0.55906945
90 0.55934445
93 0.49825076
94 0.52128364
95 0.53377948
96 0.54129958
97 0.54617128
98 0.54950572
99 0.55188736
100 0.55364726
101 0.55498440
102 0.55602420
103 0.55684840
104 0.55751290
107 0.49824836
108 0.52128269
109 0.53377902
110 0.54129958
111 0.54617128
112 0.54950572
113 0.55188736
114 0.55364726
115 0.55498440
116 0.55602420
117 0.55684840
118 0.55751290
125 0.43701659
126 0.49383652
127 0.51913287
128 0.53257046
129 0.54055245
130 0.54567747
131 0.54916218
132 0.55163860
133 0.55346150
134 0.55484160
135 0.55591240
136 0.55675930
137 0.55736245
138 0.55791145
139 0.55836645
140 0.55874745
141 0.55906945
142 0.55934445
145 0.42285584
146 0.48419848
147 0.51311972
148 0.63474445
149 0.52874672
150 0.53802135
151 0.54393522
152 0.54791972
153 0.55072514
154 0.55277180
155 0.55430930
156 0.55549300
157 0.55642400
158 0.55716800
159 0.55777000
160 0.55826900
161 0.55868300
162 0.55903200
163 0.55932800
167 0.52738610
170 0.49825033
171 0.52128328
172 0.53377948
173 0.54129958
174 0.54617128
175 0.54950572
176 0.55188736
177 0.55364726
178 0.55498440
179 0.55602420
180 0.55684840
181 0.55751290
188 0.19966935
189 0.43605187
190 0.49438722
191 0.51959559
192 0.53288856
193 0.54076870
194 0.54582950
195 0.54927145
196 0.55168945
197 0.55347145
198 0.55482345
199 0.55587345
200 0.55670545
201 0.55737445
202 0.55792245
203 0.55837545
204 0.55875445
205 0.55907645
209 0.43701687
210 0.49383689
211 0.51913308
212 0.53257065
213 0.54055262
214 0.54567761
215 0.54916218
216 0.55163860
217 0.55346150
218 0.55484160
219 0.55591240
220 0.55675930
221 0.55736245
222 0.55791145
223 0.55836645
224 0.55874745
225 0.55906945
226 0.55934445
229 0.52701670
233 0.37541836
234 0.47269724
235 0.50932360
236 0.52721550
237 0.53730801
238 0.54356300
239 0.54770790
240 0.55059550
241 0.55268770
242 0.55425240
243 0.55545280
244 0.55631045
245 0.55705545
246 0.55766045
247 0.55815745
248 0.55857245
249 0.55892045
253 0.19929833
254 0.43599038
255 0.49436316
256 0.51958373
257 0.53288182
258 0.54076870
259 0.54582950
260 0.54926845
261 0.55168745
262 0.55347045
263 0.55482245
264 0.55587245
265 0.55670445
266 0.55737445
267 0.55792145
268 0.55837545
269 0.55875445
270 0.55907545
274 0.31941062
275 0.44968048
276 0.49852264
277 0.52138137
278 0.53382230
279 0.54132160
280 0.54618280
281 0.54951500
282 0.55189390
283 0.55365060
284 0.55498830
285 0.55602720
286 0.55685110
287 0.55751540
288 0.55805840
289 0.55850820
290 0.55888510
291 0.55920400
295 0.52682870
298 0.00000000
299 0.39643154
300 0.47892739
301 0.68809045
302 0.51201246
303 0.52862060
304 0.53813530
305 0.54409120
306 0.54806540
307 0.55115745
308 0.55308745
309 0.55454045
310 0.55566145
311 0.55654545
312 0.55725445
313 0.55783345
314 0.55831445
315 0.55872245
316 0.55915045
319 0.19911554
320 0.43596035
321 0.49435152
322 0.51957785
323 0.53287880
324 0.54076870
325 0.54582950
326 0.54926745
327 0.55168645
328 0.55346945
329 0.55482245
330 0.55587245
331 0.55670445
332 0.55737345
333 0.55792145
334 0.55837445
335 0.55875445
336 0.55907545
