 S L P   CF   NI       ENERGY(RYD)
 1 0 0    1    1          0.000000       
 3 1 1    2    1          0.178502       
 1 1 1    2    2          0.327366       
 3 0 0    4    1          0.352056       
 1 0 0    4    2          0.387971       
 1 2 0    3    2          0.404245       
 3 1 1    5    1          0.416062       
 3 2 0    3    1          0.418015       
 1 1 1    5    2          0.439805       
 3 0 0    8    1          0.451573       
 1 0 0    8    2          0.462458       
 1 2 0    6    2          0.465554       
 3 1 1    9    1          0.472717       
 3 2 0    6    1          0.472955       
 1 3 1    7    2          0.475879       
 3 3 1    7    1          0.475903       
 1 1 1    9    2          0.481477       
 3 0 0   14    1          0.487350       
 1 0 0   14    2          0.492329       
 1 2 0   10    2          0.493827       
 3 2 0   10    1          0.497289       
 3 1 1   15    1          0.497422       
 1 3 1   11    2          0.498710       
 3 3 1   11    1          0.498726       
 1 4 0   12    2          0.499078       
 3 4 0   12    1          0.499078       
 1 1 1   15    2          0.501555       
 3 0 0   20    1          0.504875       
 1 0 0   20    2          0.507616       
 1 2 0   16    2          0.508476       
 3 2 0   16    1          0.510322       
 3 1 1   21    1          0.510455       
 1 3 1   17    2          0.511122       
 3 3 1   17    1          0.511129       
 3 4 0   18    1          0.511350       
 1 4 0   18    2          0.511350       
 3 5 1   19    1          0.511403       
 1 5 1   19    2          0.511403       
 1 1 1   21    2          0.512781       
 3 1 0   13    2          0.514033       
 3 0 0   27    1          0.514789       
 1 0 0   27    2          0.516478       
 1 2 0   22    2          0.517027       
 3 2 0   22    1          0.518101       
 3 1 1   28    1          0.518203       
 1 3 1   23    2          0.518595       
 3 3 1   23    1          0.518598       
 3 4 0   24    1          0.518741       
 1 4 0   24    2          0.518742       
 3 5 1   25    1          0.518772       
 3 6 0   26    2          0.518772   ****
 1 5 1   25    2          0.518772       
 1 1 1   28    2          0.519657       
 3 0 0   33    1          0.520947       
 1 0 0   33    2          0.522071       
 1 2 0   29    2          0.522444       
 3 2 0   29    1          0.523112       
 3 1 1   34    1          0.523187       
 1 3 1   30    2          0.523437       
 3 3 1   30    1          0.523439       
 3 4 0   31    1          0.523536       
 1 4 0   31    2          0.523536       
 3 5 1   32    1          0.523556       
 1 5 1   32    2          0.523556       
 1 1 1   34    2          0.524165       
 3 0 0   41    1          0.525034       
 1 0 0   41    2          0.525827       
 1 2 0   35    2          0.526090       
 3 2 0   35    1          0.526528       
 3 1 1   42    1          0.526583       
 1 3 1   36    2          0.526752       
 3 3 1   36    1          0.526753       
 3 4 0   37    1          0.526821       
 1 4 0   37    2          0.526822       
 3 5 1   38    1          0.526835       
 3 6 0   39    2          0.526835   ****
 3 7 1   40    2          0.526835   ****
 1 5 1   38    2          0.526835       
 1 1 1   42    2          0.527278       
 3 0 0   45    1          0.527885       
 1 0 0   45    2          0.528470       
 1 2 0   43    2          0.528661       
 3 2 0   43    1          0.528960       
 3 1 1   46    1          0.529001       
 1 3 1   44    2          0.529120       
 3 3 1   44    1          0.529121       
 1 1 1   46    2          0.529516       
 3 0 0   49    1          0.529954       
 1 0 0   49    2          0.530400       
 1 2 0   47    2          0.530541       
 3 2 0   47    1          0.530752       
 3 1 1   50    1          0.530783       
 1 3 1   48    2          0.530871       
 3 3 1   48    1          0.530872       
 1 1 1   50    2          0.531178       
 3 0 0   53    1          0.531502       
 1 0 0   53    2          0.531853       
 1 2 0   51    2          0.531958       
 3 2 0   51    1          0.532112       
 3 1 1   54    1          0.532136       
 1 3 1   52    2          0.532202       
 3 3 1   52    1          0.532202       
 1 1 1   54    2          0.532447       
 3 0 0   57    1          0.532690       
 1 0 0   57    2          0.532974       
 1 2 0   55    2          0.533053       
 3 2 0   55    1          0.533167       
 3 1 1   58    1          0.533186       
 1 3 1   56    2          0.533237       
 3 3 1   56    1          0.533237       
 1 1 1   58    2          0.533438       
 3 0 0   61    1          0.533623       
 1 0 0   61    2          0.533858       
 1 2 0   59    2          0.533916       
 3 2 0   59    1          0.534002       
 3 1 1   62    1          0.534017       
 1 3 1   60    2          0.534058       
 3 3 1   60    1          0.534058       
 1 1 1   62    2          0.534226       
 3 0 0   65    1          0.534368       
 1 0 0   65    2          0.534567       
 1 2 0   63    2          0.534609       
 3 2 0   63    1          0.534675       
 3 1 1   66    1          0.534687       
 1 3 1   64    2          0.534720       
 3 3 1   64    1          0.534720       
 1 1 1   66    2          0.534864       
 3 0 0   68    1          0.534973       
 1 0 0   68    2          0.535146       
 1 2 0   67    2          0.535174       
 3 2 0   67    1          0.535224       
 3 1 1   69    1          0.535234       
 1 1 1   69    2          0.535388       
 3 0 0   71    1          0.535470       
 1 0 0   71    2          0.535627       
 1 2 0   70    2          0.535640       
 3 2 0   70    1          0.535679       
 3 1 1   72    1          0.535688       
 1 1 1   72    2          0.535826       
 3 0 0   74    1          0.535885       
 1 2 0   73    2          0.536030       
 1 0 0   74    2          0.536035       
 3 2 0   73    1          0.536060       
 3 1 1   75    1          0.536067       
 1 1 1   75    2          0.536199       
 3 0 0   77    1          0.536233       
 1 2 0   76    2          0.536359       
 3 2 0   76    1          0.536382       
 3 1 1   78    1          0.536389       
 1 0 0   77    2          0.536463       
 1 1 1   78    2          0.536575       
 1 2 0   79    2          0.536641       
 3 2 0   79    1          0.536657       
 1 2 0   13    1          0.612056       
 1 0 0   13    3          0.665402       
 3 1 1   81    1          0.701785       
 1 1 1   81    2          0.723267       
 1 2 1   80    4          0.743539       
 3 3 1   80    1          0.743572       
 1 1 0   82    4          0.744331       
 3 2 0   82    1          0.752135       
 3 0 0   82    5          0.764953       
 3 2 1   80    3          0.770837       
 3 1 1   80    5          0.775965       
 3 1 0   82    3          0.782657       
 1 2 0   82    2          0.796600       
 1 3 1   80    2          0.806945       
 1 1 1   80    6          0.818127       
 1 2 1   83    4          0.824825       
 1 0 0   82    6          0.824888       
 3 3 1   83    1          0.826427       
 3 2 1   83    3          0.828193       
 1 3 0   84    4          0.829841       
 3 3 0   84    3          0.829878       
 3 1 1   83    5          0.830816       
 3 4 0   84    1          0.833900       
 1 4 0   84    2          0.834155       
 3 2 0   84    5          0.837108       
 1 2 0   84    6          0.839172       
 1 3 1   83    2          0.847010       
 1 1 1   83    6          0.864743       
 3 3 0   85    2          1.090011       
 1 2 0   85    3          1.108749       
 3 1 0   85    4          1.110316       
 1 4 0   85    1          1.115704       
 1 0 0   85    5          1.161170       
 0 0 0    0    0       -399.655126
